# x y
5.242900747130393668e+00 4.234347614986146624e+01
-7.132816160613909773e+00 1.612579186124669661e+00
-6.761710624367601952e+00 1.108755883980825807e+00
-5.724285768561957255e+00 -1.032010675108969044e+00
-7.061100117418140698e+00 3.979729243463119737e+00
6.020846876440026918e+00 4.015995115804550153e+01
-6.912151776416597393e+00 -3.773645537500230907e-01
4.514991588602279116e+00 4.173527493322477255e+01
-4.783250228249113611e+00 -1.003163531526075847e+00
-5.317589131262971058e+00 2.102265956953677239e+00
3.787498029837103708e+00 4.130755558130439908e+01
5.097956727742820604e+00 4.164770926343658175e+01
5.776886434139973048e+00 4.283861261997977010e+01
4.167502377560651006e+00 4.278593511490645795e+01
4.405956372095837459e+00 4.257907523674806924e+01
-5.146780151707672779e+00 -6.609090726604569532e-01
