# R[MOhm] 
2.299999999999999822e+00
2.233000000000000096e+00
2.169000000000000039e+00
2.109999999999999876e+00
2.052999999999999936e+00
2.000000000000000000e+00
1.949999999999999956e+00
1.901999999999999913e+00
1.856999999999999984e+00
1.814999999999999947e+00
1.774000000000000021e+00
1.735999999999999988e+00
1.699999999999999956e+00
1.665999999999999925e+00
1.633999999999999897e+00
1.602999999999999980e+00
1.574000000000000066e+00
1.546999999999999931e+00
1.520999999999999908e+00
1.495999999999999996e+00
