# I in A U in mV 
0.000000000000000000e+00 0.000000000000000000e+00
1.000000000000000000e+00 7.820000000000000284e+00
2.000000000000000000e+00 1.553999999999999915e+01
3.000000000000000000e+00 2.319999999999999929e+01
4.000000000000000000e+00 3.098000000000000043e+01
5.000000000000000000e+00 3.850000000000000000e+01
6.000000000000000000e+00 4.629999999999999716e+01
7.000000000000000000e+00 5.379999999999999716e+01
8.000000000000000000e+00 6.150000000000000000e+01
9.000000000000000000e+00 6.879999999999999716e+01
1.000000000000000000e+01 7.650000000000000000e+01
