# Druck in bar Anzahl 
8.000000000000000444e-01 5.000000000000000000e+01
8.000000000000000444e-01 6.000000000000000000e+01
8.000000000000000444e-01 4.300000000000000000e+01
8.000000000000000444e-01 3.700000000000000000e+01
8.000000000000000444e-01 3.300000000000000000e+01
8.000000000000000444e-01 3.300000000000000000e+01
8.000000000000000444e-01 3.300000000000000000e+01
8.000000000000000444e-01 3.300000000000000000e+01
8.000000000000000444e-01 3.200000000000000000e+01
8.000000000000000444e-01 3.300000000000000000e+01
