# Druck in bar Anzahl 
8.000000000000000444e-01 5.000000000000000000e+01
8.000000000000000444e-01 5.200000000000000000e+01
5.999999999999999778e-01 4.400000000000000000e+01
5.999999999999999778e-01 4.100000000000000000e+01
5.400000000000000355e-01 3.700000000000000000e+01
5.999999999999999778e-01 4.300000000000000000e+01
5.200000000000000178e-01 3.300000000000000000e+01
4.799999999999999822e-01 3.200000000000000000e+01
4.400000000000000022e-01 3.000000000000000000e+01
4.000000000000000222e-01 2.600000000000000000e+01
