# Weg in mm  Anzahl 
1.679999999999999938e+00 1.024000000000000000e+03
1.600000000000000089e+00 1.022000000000000000e+03
1.489999999999999991e+00 1.028000000000000000e+03
1.600000000000000089e+00 1.026000000000000000e+03
1.500000000000000000e+00 1.021000000000000000e+03
1.510000000000000009e+00 1.032000000000000000e+03
1.620000000000000107e+00 1.034000000000000000e+03
1.510000000000000009e+00 1.021000000000000000e+03
1.610000000000000098e+00 1.026000000000000000e+03
1.510000000000000009e+00 1.019000000000000000e+03
