# N 
2.400200000000000000e+04
2.477600000000000000e+04
2.472700000000000000e+04
2.488800000000000000e+04
2.508800000000000000e+04
2.524700000000000000e+04
2.582400000000000000e+04
2.564500000000000000e+04
2.568500000000000000e+04
2.562400000000000000e+04
2.572900000000000000e+04
2.599700000000000000e+04
2.568200000000000000e+04
2.589900000000000000e+04
2.611200000000000000e+04
2.565100000000000000e+04
2.575400000000000000e+04
2.557500000000000000e+04
2.586000000000000000e+04
2.585700000000000000e+04
2.613200000000000000e+04
2.601100000000000000e+04
2.598300000000000000e+04
2.608000000000000000e+04
2.578600000000000000e+04
2.613800000000000000e+04
2.622700000000000000e+04
2.621400000000000000e+04
2.645500000000000000e+04
2.630600000000000000e+04
2.669300000000000000e+04
2.690000000000000000e+04
2.675500000000000000e+04
2.695100000000000000e+04
2.702000000000000000e+04
2.735000000000000000e+04
2.731700000000000000e+04
2.788300000000000000e+04
2.807500000000000000e+04
2.838300000000000000e+04
