# Frequenz [Hz] U_G [V] U_C [V] a [micro sec] b [micro sec]
1.000000000000000000e+01 4.639999999999999680e+00 4.639999999999999680e+00 0.000000000000000000e+00 1.000000000000000000e+05
2.500000000000000000e+01 4.639999999999999680e+00 4.639999999999999680e+00 0.000000000000000000e+00 4.000000000000000000e+04
5.000000000000000000e+02 4.639999999999999680e+00 4.599999999999999645e+00 0.000000000000000000e+00 2.000000000000000000e+03
1.000000000000000000e+03 4.639999999999999680e+00 4.639999999999999680e+00 0.000000000000000000e+00 1.000000000000000000e+03
5.000000000000000000e+03 4.679999999999999716e+00 4.799999999999999822e+00 0.000000000000000000e+00 2.000000000000000000e+02
5.500000000000000000e+03 4.719999999999999751e+00 4.839999999999999858e+00 0.000000000000000000e+00 1.800000000000000000e+02
6.000000000000000000e+03 4.799999999999999822e+00 4.839999999999999858e+00 1.100000000000000089e+00 1.670000000000000000e+02
6.500000000000000000e+03 4.799999999999999822e+00 4.879999999999999893e+00 1.100000000000000089e+00 1.530000000000000000e+02
7.000000000000000000e+03 4.719999999999999751e+00 4.919999999999999929e+00 1.199999999999999956e+00 1.420000000000000000e+02
2.500000000000000000e+04 4.559999999999999609e+00 9.199999999999999289e+00 3.160000000000000142e+00 4.000000000000000000e+01
2.600000000000000000e+04 4.599999999999999645e+00 9.880000000000000782e+00 3.439999999999999947e+00 3.847999999999999687e+01
2.700000000000000000e+04 4.599999999999999645e+00 1.080000000000000071e+01 3.759999999999999787e+00 3.692000000000000171e+01
2.800000000000000000e+04 4.480000000000000426e+00 1.180000000000000071e+01 4.179999999999999716e+00 3.575000000000000000e+01
2.900000000000000000e+04 4.440000000000000391e+00 1.290000000000000036e+01 3.560000000000000053e+00 3.447999999999999687e+01
3.000000000000000000e+04 4.480000000000000426e+00 1.409999999999999964e+01 4.059999999999999609e+00 3.329999999999999716e+01
3.100000000000000000e+04 4.440000000000000391e+00 1.530000000000000071e+01 6.709999999999999964e+00 3.220000000000000156e+01
