# Kugel 1 in t  Kugel 2 in t 
1.269999999999999929e+01 9.729999999999999716e+01
1.275999999999999979e+01 9.759999999999999432e+01
1.289000000000000057e+01 9.740999999999999659e+01
1.275999999999999979e+01 9.782999999999999829e+01
1.283000000000000007e+01 9.715999999999999659e+01
1.280000000000000071e+01 9.729999999999999716e+01
1.269999999999999929e+01 9.715999999999999659e+01
1.266999999999999993e+01 9.726999999999999602e+01
1.273000000000000043e+01 9.760999999999999943e+01
1.281000000000000050e+01 9.771999999999999886e+01
