# Temperatur in Grad Viskositaet e-03 in Pa s
2.000000000000000000e+01 1.004999999999999893e+00
2.500000000000000000e+01 8.940000000000000169e-01
3.000000000000000000e+01 8.010000000000000453e-01
3.500000000000000000e+01 7.229999999999999760e-01
4.000000000000000000e+01 6.560000000000000275e-01
4.500000000000000000e+01 5.989999999999999769e-01
5.000000000000000000e+01 5.490000000000000435e-01
5.500000000000000000e+01 5.060000000000000053e-01
6.000000000000000000e+01 4.680000000000000271e-01
6.500000000000000000e+01 4.359999999999999987e-01
7.000000000000000000e+01 4.060000000000000275e-01
7.500000000000000000e+01 3.800000000000000044e-01
8.000000000000000000e+01 3.669999999999999929e-01
8.500000000000000000e+01 3.360000000000000209e-01
9.000000000000000000e+01 3.170000000000000040e-01
9.500000000000000000e+01 2.999999999999999889e-01
