0.000e+00	2.838e+02
4.000e-02	1.940e+02
8.000e-02	1.582e+02	
1.200e-01	1.373e+02	
1.600e-01	1.190e+02	
2.000e-01	1.067e+02	
2.400e-01	9.823e+01	
2.800e-01	8.617e+01	
3.200e-01	7.217e+01	
3.600e-01	5.193e+01	
4.000e-01	3.928e+01	
4.400e-01	3.106e+01	
4.800e-01	2.353e+01	
5.200e-01	1.632e+01	
5.600e-01	1.125e+01	
6.000e-01	4.563e+00	
6.400e-01	3.226e+00	
6.800e-01	6.420e+00	
7.200e-01	1.291e+01	
7.600e-01	1.815e+01	
8.000e-01	2.314e+01	
8.400e-01	2.627e+01	
8.800e-01	2.723e+01	
9.200e-01	2.852e+01	
9.600e-01	2.486e+01	
1.000e+00	2.212e+01	
1.040e+00	2.167e+01	
1.080e+00	2.154e+01	
1.120e+00	1.983e+01	
1.160e+00	1.939e+01	
1.200e+00	1.904e+01	
1.240e+00	1.784e+01	
1.280e+00	1.746e+01	
1.320e+00	1.557e+01	
1.360e+00	1.451e+01	
1.400e+00	1.276e+01	
1.440e+00	1.038e+01	
1.480e+00	8.405e+00	
1.520e+00	6.939e+00	
1.560e+00	6.002e+00	
1.600e+00	4.935e+00	
1.640e+00	3.941e+00	
1.680e+00	2.767e+00	
1.720e+00	2.643e+00	
1.760e+00	3.271e+00	
1.800e+00	2.696e+00	
1.840e+00	2.223e+00	
1.880e+00	1.811e+00	
1.920e+00	1.315e+00	
1.960e+00	8.377e-01	
2.000e+00	5.146e-01	
2.040e+00	5.338e-01	
2.080e+00	1.222e+00	
2.120e+00	1.903e+00	
2.160e+00	1.313e+00	
2.200e+00	6.866e-01	
2.240e+00	5.646e-01	
2.280e+00	1.144e+00	
2.320e+00	1.848e+00	
2.360e+00	1.532e+00	
2.400e+00	6.855e-01	
2.440e+00	6.750e-01	
2.480e+00	3.091e-01	
2.520e+00	8.780e-01	
2.560e+00	1.216e+00	
2.600e+00	3.096e-01	
2.640e+00	7.466e-01	
2.680e+00	5.292e-01	
2.720e+00	4.003e-01	
2.760e+00	3.576e-01	
2.800e+00	5.307e-01	
2.840e+00	1.159e+00	
2.880e+00	1.515e+00	
2.920e+00	1.684e+00	
2.960e+00	1.265e+00	
3.000e+00	1.644e+00	
3.040e+00	2.530e+00	
3.080e+00	2.245e+00	
3.120e+00	3.165e+00	
3.160e+00	2.770e+00	
3.200e+00	2.118e+00	
3.240e+00	2.126e+00	
3.280e+00	2.300e+00	
3.320e+00	2.032e+00	
3.360e+00	2.779e+00	
3.400e+00	2.653e+00	
3.440e+00	1.180e+00	
3.480e+00	7.786e-01	
3.520e+00	1.673e+00	
3.560e+00	1.435e+00	
3.600e+00	8.810e-01	
3.640e+00	8.464e-01	
3.680e+00	1.305e+00	
3.720e+00	3.442e-01	
3.760e+00	3.490e-01	
3.800e+00	6.445e-01	
3.840e+00	1.555e+00	
3.880e+00	1.457e+00	
3.920e+00	8.182e-01	
3.960e+00	1.570e+00	
4.000e+00	9.001e-01	
4.040e+00	2.004e-01	
4.080e+00	3.814e-01	
4.120e+00	6.244e-01	
4.160e+00	4.972e-01	
4.200e+00	1.446e+00	
4.240e+00	9.644e-01	
4.280e+00	1.336e+00	
4.320e+00	1.047e+00	
4.360e+00	2.172e+00	
4.400e+00	2.340e+00	
4.440e+00	2.032e+00	
4.480e+00	2.954e+00	
4.520e+00	1.557e+00	
4.560e+00	1.427e+00	
4.600e+00	1.264e+00	
4.640e+00	6.898e-01	
4.680e+00	8.200e-01	
4.720e+00	7.619e-01	
4.760e+00	9.905e-01	
4.800e+00	1.143e+00	
4.840e+00	7.514e-01	
4.880e+00	1.070e+00	
4.920e+00	1.695e+00	
4.960e+00	1.384e+00	
5.000e+00	1.244e+00	
5.040e+00	1.567e+00	
5.080e+00	1.434e+00	
5.120e+00	1.372e+00	
5.160e+00	1.939e+00	
5.200e+00	2.268e+00	
5.240e+00	2.380e+00	
5.280e+00	1.103e+00	
5.320e+00	1.225e+00
5.360e+00	1.353e+00
5.400e+00	1.571e+00
5.440e+00	2.074e+00
5.480e+00	2.421e+00
5.520e+00	1.410e+00
5.560e+00	5.618e-01
5.600e+00	5.029e-01
5.640e+00	8.806e-01
5.680e+00	1.225e+00
5.720e+00	4.788e-01
5.760e+00	1.611e+00
5.800e+00	2.277e+00
5.840e+00	2.272e+00
5.880e+00	1.928e+00
5.920e+00	8.073e-01
5.960e+00	1.842e+00
6.000e+00	1.554e+00
6.040e+00	2.103e+00
6.080e+00	2.426e+00
6.120e+00	1.531e+00
6.160e+00	1.757e+00
6.200e+00	1.599e+00
6.240e+00	2.234e+00
6.280e+00	2.060e+00
6.320e+00	2.157e+00
6.360e+00	2.431e+00
6.400e+00	9.177e-01
6.440e+00	1.754e+00
6.480e+00	1.617e+00
6.520e+00	2.545e+00
6.560e+00	1.903e+00
6.600e+00	2.109e+00
6.640e+00	1.824e+00
6.680e+00	2.235e+00
6.720e+00	2.376e+00
6.760e+00	2.045e+00
6.800e+00	1.913e+00
6.840e+00	1.984e+00
6.880e+00	9.791e-01
6.920e+00	1.071e+00
6.960e+00	2.746e-02
7.000e+00	1.602e+00
7.040e+00	2.745e+00
7.080e+00	3.029e+00
7.120e+00	2.735e+00
7.160e+00	2.594e+00
7.200e+00	3.230e+00
7.240e+00	3.823e+00
7.280e+00	4.301e+00
7.320e+00	4.982e+00
7.360e+00	4.571e+00
7.400e+00	4.472e+00
7.440e+00	5.055e+00
7.480e+00	4.936e+00
7.520e+00	4.896e+00
7.560e+00	4.026e+00
7.600e+00	2.121e+00
7.640e+00	2.205e+00
7.680e+00	1.416e+00
7.720e+00	7.146e-01
7.760e+00	1.401e+00
7.800e+00	2.350e+00
7.840e+00	2.317e+00
7.880e+00	2.520e+00
7.920e+00	2.433e+00
7.960e+00	2.843e+00
8.000e+00	3.785e+00
8.040e+00	2.624e+00
8.080e+00	3.080e+00
8.120e+00	3.008e+00
8.160e+00	3.776e+00
8.200e+00	3.675e+00
8.240e+00	4.467e+00
8.280e+00	4.663e+00
8.320e+00	4.367e+00
8.360e+00	6.100e+00
8.400e+00	6.215e+00
8.440e+00	6.953e+00
8.480e+00	7.102e+00
8.520e+00	7.439e+00
8.560e+00	7.949e+00
8.600e+00	9.335e+00
8.640e+00	1.028e+01
8.680e+00	1.001e+01
8.720e+00	1.017e+01
8.760e+00	1.217e+01
8.800e+00	1.416e+01
8.840e+00	1.520e+01
8.880e+00	1.439e+01
8.920e+00	1.483e+01
8.960e+00	1.435e+01
9.000e+00	1.397e+01
9.040e+00	1.391e+01
9.080e+00	1.310e+01
9.120e+00	1.362e+01
9.160e+00	1.309e+01
9.200e+00	1.167e+01
9.240e+00	1.271e+01
9.280e+00	1.039e+01
9.320e+00	7.928e+00
9.360e+00	8.072e+00
9.400e+00	5.994e+00
9.440e+00	3.965e+00
9.480e+00	2.307e+00
9.520e+00	2.517e+00
9.560e+00	2.390e+00
9.600e+00	1.353e+00
9.640e+00	1.426e+00
9.680e+00	1.085e+00
9.720e+00	1.576e+00
9.760e+00	1.130e-01
9.800e+00	5.309e-01
9.840e+00	1.346e+00
9.880e+00	9.648e-01
9.920e+00	2.423e+00
9.960e+00	2.870e+00
1.000e+01	2.154e+00
1.004e+01	9.368e-01
1.008e+01	1.930e+00
1.012e+01	1.574e+00
1.016e+01	1.034e+00
1.020e+01	1.470e+00
1.024e+01	1.741e+00
1.028e+01	1.434e+00
1.032e+01	1.974e-01
1.036e+01	4.992e-01
1.040e+01	9.061e-01
1.044e+01	1.498e+00
1.048e+01	5.715e-01
1.052e+01	1.086e+00
1.056e+01	1.118e+00
1.060e+01	1.934e+00
1.064e+01	1.504e+00
1.068e+01	5.251e-01
1.072e+01	5.917e-01
1.076e+01	1.611e+00
1.080e+01	2.121e+00
1.084e+01	3.166e+00
1.088e+01	2.814e+00
1.092e+01	1.773e+00
1.096e+01	1.127e+00
1.100e+01	2.115e+00
1.104e+01	3.576e+00
1.108e+01	3.392e+00
1.112e+01	3.769e+00
1.116e+01	2.953e+00
1.120e+01	1.731e+00
1.124e+01	3.382e+00
1.128e+01	4.011e+00
1.132e+01	3.134e+00
1.136e+01	3.788e+00
1.140e+01	3.567e+00
1.144e+01	2.770e+00
1.148e+01	2.870e+00
1.152e+01	3.386e+00
1.156e+01	3.217e+00
1.160e+01	1.779e+00
1.164e+01	1.474e+00
1.168e+01	7.087e-01
1.172e+01	3.180e-01
1.176e+01	1.219e+00
1.180e+01	1.922e+00
1.184e+01	2.428e+00
1.188e+01	3.703e+00
1.192e+01	3.907e+00
1.196e+01	4.614e+00
1.200e+01	5.228e+00
1.204e+01	5.398e+00
1.208e+01	5.308e+00
1.212e+01	4.507e+00
1.216e+01	5.532e+00
1.220e+01	4.471e+00
1.224e+01	3.170e+00
1.228e+01	3.764e+00
1.232e+01	4.614e+00
1.236e+01	3.945e+00
1.240e+01	3.018e+00
1.244e+01	4.728e+00
1.248e+01	4.177e+00
1.252e+01	3.600e+00
1.256e+01	3.815e+00
1.260e+01	3.961e+00
1.264e+01	3.549e+00
1.268e+01	3.562e+00
1.272e+01	1.785e+00
1.276e+01	4.764e-01
1.280e+01	5.704e-01
1.284e+01	2.227e-01
1.288e+01	1.659e+00
1.292e+01	1.647e+00
1.296e+01	2.618e+00
1.300e+01	2.343e+00
1.304e+01	3.420e+00
1.308e+01	3.174e+00
1.312e+01	4.202e+00
1.316e+01	2.709e+00
1.320e+01	2.905e+00
1.324e+01	1.458e+00
1.328e+01	1.790e+00
1.332e+01	1.597e+00
1.336e+01	6.210e-01
1.340e+01	3.249e-01
1.344e+01	1.365e+00
1.348e+01	1.575e+00
1.352e+01	2.066e+00
1.356e+01	2.654e+00
1.360e+01	1.227e+00
1.364e+01	2.081e+00
1.368e+01	1.918e+00
1.372e+01	1.641e+00
1.376e+01	1.170e+00
1.380e+01	1.630e+00
1.384e+01	1.337e+00
1.388e+01	7.010e-01
1.392e+01	5.360e-01
1.396e+01	1.560e+00
1.400e+01	2.131e+00
1.404e+01	2.256e+00
1.408e+01	1.786e+00
1.412e+01	2.636e+00
1.416e+01	2.513e+00
1.420e+01	2.944e+00
1.424e+01	3.642e+00
1.428e+01	4.478e+00
1.432e+01	3.286e+00
1.436e+01	3.472e+00
1.440e+01	2.581e+00
1.444e+01	2.773e+00
1.448e+01	1.414e+00
1.452e+01	2.148e+00
1.456e+01	3.863e+00
1.460e+01	3.959e+00
1.464e+01	3.078e+00
1.468e+01	3.122e+00
1.472e+01	2.722e+00
1.476e+01	3.506e+00
1.480e+01	3.931e+00
1.484e+01	3.461e+00
1.488e+01	2.270e+00
1.492e+01	2.536e+00
1.496e+01	1.986e+00
1.500e+01	1.176e+00
1.504e+01	6.613e-01
1.508e+01	1.740e+00
1.512e+01	1.166e+00
1.516e+01	2.351e-01
1.520e+01	2.197e-01
1.524e+01	1.164e+00
1.528e+01	1.053e+00
1.532e+01	2.007e+00
1.536e+01	1.720e+00
1.540e+01	2.707e+00
1.544e+01	2.736e+00
1.548e+01	4.241e+00
1.552e+01	3.529e+00
1.556e+01	1.982e+00
1.560e+01	2.464e+00
1.564e+01	2.469e+00
1.568e+01	8.328e-01
1.572e+01	1.265e+00
1.576e+01	2.478e+00
1.580e+01	2.610e+00
1.584e+01	2.253e+00
1.588e+01	1.058e+00
1.592e+01	6.456e-01
1.596e+01	1.871e+00
1.600e+01	1.565e+00
1.604e+01	3.745e-01
1.608e+01	4.425e-01
1.612e+01	3.054e-01
1.616e+01	2.014e-01
1.620e+01	1.421e+00
1.624e+01	1.174e+00
1.628e+01	1.417e+00
1.632e+01	2.154e+00
1.636e+01	2.071e+00
1.640e+01	1.111e+00
1.644e+01	2.307e+00
1.648e+01	1.081e+00
1.652e+01	2.418e+00
1.656e+01	2.117e+00
1.660e+01	2.895e+00
1.664e+01	4.050e+00
1.668e+01	3.662e+00
1.672e+01	3.697e+00
1.676e+01	4.444e+00
1.680e+01	6.619e+00
1.684e+01	6.693e+00
1.688e+01	8.935e+00
1.692e+01	1.063e+01
1.696e+01	1.206e+01
1.700e+01	1.335e+01
1.704e+01	1.340e+01
1.708e+01	1.519e+01
1.712e+01	1.578e+01
1.716e+01	1.708e+01
1.720e+01	1.823e+01
1.724e+01	1.812e+01
1.728e+01	2.075e+01
1.732e+01	2.026e+01
1.736e+01	1.946e+01
1.740e+01	1.989e+01
1.744e+01	1.864e+01
1.748e+01	1.779e+01
1.752e+01	1.911e+01
1.756e+01	2.070e+01
1.760e+01	1.951e+01
1.764e+01	1.716e+01
1.768e+01	1.558e+01
1.772e+01	1.407e+01
1.776e+01	1.383e+01
1.780e+01	1.218e+01
1.784e+01	1.095e+01
1.788e+01	1.066e+01
1.792e+01	1.075e+01
1.796e+01	9.115e+00
1.800e+01	8.469e+00
1.804e+01	9.089e+00
1.808e+01	7.419e+00
1.812e+01	6.994e+00
1.816e+01	6.053e+00
1.820e+01	4.411e+00
1.824e+01	3.161e+00
1.828e+01	2.629e+00
1.832e+01	2.414e+00
1.836e+01	2.599e+00
1.840e+01	1.535e+00
1.844e+01	8.756e-01
1.848e+01	1.895e+00
1.852e+01	1.668e+00
1.856e+01	1.758e+00
1.860e+01	1.802e+00
1.864e+01	3.000e+00
1.868e+01	3.790e+00
1.872e+01	3.384e+00
1.876e+01	3.264e+00
1.880e+01	3.953e+00
1.884e+01	2.868e+00
1.888e+01	1.959e+00
1.892e+01	2.128e+00
1.896e+01	2.248e+00
1.900e+01	2.091e+00
1.904e+01	1.992e+00
1.908e+01	2.708e-01
1.912e+01	1.267e+00
1.916e+01	1.476e+00
1.920e+01	2.325e+00
1.924e+01	2.953e+00
1.928e+01	1.056e+00
1.932e+01	7.366e-01
1.936e+01	1.944e+00
1.940e+01	1.504e+00
1.944e+01	5.667e-01
1.948e+01	5.787e-01
1.952e+01	9.824e-01
1.956e+01	1.646e+00
1.960e+01	1.548e+00
1.964e+01	2.031e+00
1.968e+01	2.846e+00
1.972e+01	2.471e+00
1.976e+01	1.885e+00
1.980e+01	8.483e-01
1.984e+01	1.956e+00
1.988e+01	2.912e+00
1.992e+01	2.201e+00
1.996e+01	2.699e+00
2.000e+01	2.340e+00
2.004e+01	2.136e+00
2.008e+01	1.158e+00
2.012e+01	2.101e+00
2.016e+01	2.957e+00
2.020e+01	2.000e+00
2.024e+01	1.998e+00
2.028e+01	2.687e+00
2.032e+01	2.550e+00
2.036e+01	1.527e+00
2.040e+01	1.616e+00
2.044e+01	1.725e+00
2.048e+01	3.264e+00
2.052e+01	2.615e+00
2.056e+01	1.803e+00
2.060e+01	3.285e+00
2.064e+01	3.145e+00
2.068e+01	3.126e+00
2.072e+01	2.225e+00
2.076e+01	2.649e+00
2.080e+01	2.376e+00
2.084e+01	1.832e+00
2.088e+01	1.096e+00
2.092e+01	1.842e+00
2.096e+01	1.984e+00
2.100e+01	1.192e+00
2.104e+01	1.075e+00
2.108e+01	1.536e+00
2.112e+01	1.262e+00
2.116e+01	1.213e+00
2.120e+01	1.959e+00
2.124e+01	1.331e+00
2.128e+01	1.243e+00
2.132e+01	2.587e+00
2.136e+01	1.890e+00
2.140e+01	4.438e-01
2.144e+01	1.250e+00
2.148e+01	1.310e+00
2.152e+01	2.414e+00
2.156e+01	1.921e+00
2.160e+01	1.647e+00
2.164e+01	3.903e-01
2.168e+01	1.866e+00
2.172e+01	3.447e+00
2.176e+01	1.986e+00
2.180e+01	8.097e-01
2.184e+01	8.420e-01
2.188e+01	1.151e+00
2.192e+01	1.862e+00
2.196e+01	1.599e+00
2.200e+01	2.060e+00
2.204e+01	9.682e-01
2.208e+01	8.102e-01
2.212e+01	3.289e-01
2.216e+01	1.813e+00
2.220e+01	2.750e+00
2.224e+01	2.853e+00
2.228e+01	2.081e+00
2.232e+01	1.745e+00
2.236e+01	2.082e+00
2.240e+01	1.674e+00
2.244e+01	1.512e+00
2.248e+01	1.553e+00
2.252e+01	1.887e+00
2.256e+01	1.327e+00
2.260e+01	2.022e+00
2.264e+01	1.341e+00
2.268e+01	1.250e+00
2.272e+01	1.866e+00
2.276e+01	3.257e+00
2.280e+01	2.768e+00
2.284e+01	1.954e+00
2.288e+01	1.840e+00
2.292e+01	1.599e+00
2.296e+01	6.280e-01
2.300e+01	1.569e+00
2.304e+01	1.132e+00
2.308e+01	9.150e-02
2.312e+01	1.085e+00
2.316e+01	1.628e+00
2.320e+01	1.893e+00
2.324e+01	1.449e+00
2.328e+01	1.069e+00
2.332e+01	2.996e-01
2.336e+01	7.094e-01
2.340e+01	3.966e-01
2.344e+01	6.078e-01
2.348e+01	3.651e-01
2.352e+01	1.152e+00
2.356e+01	1.280e+00
2.360e+01	6.789e-01
2.364e+01	1.526e+00
2.368e+01	1.637e+00
2.372e+01	2.302e-01
2.376e+01	1.844e+00
2.380e+01	1.800e+00
2.384e+01	1.387e+00
2.388e+01	1.383e+00
2.392e+01	1.106e+00
2.396e+01	5.826e-01
2.400e+01	1.261e+00
2.404e+01	1.307e+00
2.408e+01	2.197e-01
2.412e+01	1.024e+00
2.416e+01	2.352e+00
2.420e+01	2.259e+00
2.424e+01	1.944e+00
2.428e+01	1.383e+00
2.432e+01	6.743e-01
2.436e+01	7.879e-01
2.440e+01	9.002e-01
2.444e+01	9.320e-01
2.448e+01	2.208e-01
2.452e+01	3.615e-01
2.456e+01	7.677e-01
2.460e+01	1.390e+00
2.464e+01	1.837e+00
2.468e+01	1.321e+00
2.472e+01	3.277e+00
2.476e+01	2.653e+00
2.480e+01	2.009e+00
2.484e+01	9.622e-01
2.488e+01	1.264e+00
2.492e+01	1.148e+00
2.496e+01	3.183e-01
2.500e+01	8.717e-01
2.504e+01	7.728e-01
2.508e+01	2.500e+00
2.512e+01	2.071e+00
2.516e+01	1.771e+00
2.520e+01	5.739e-01
2.524e+01	1.176e+00
2.528e+01	1.556e+00
2.532e+01	1.347e+00
2.536e+01	2.565e+00
2.540e+01	1.555e+00
2.544e+01	2.346e+00
2.548e+01	6.437e-01
2.552e+01	1.472e+00
2.556e+01	1.329e+00
2.560e+01	1.054e+00
2.564e+01	1.237e+00
2.568e+01	3.490e-01
2.572e+01	1.370e+00
2.576e+01	1.192e+00
2.580e+01	1.320e+00
2.584e+01	1.367e+00
2.588e+01	9.775e-01
2.592e+01	3.628e-01
2.596e+01	1.452e+00
2.600e+01	1.670e+00
2.604e+01	2.701e+00
2.608e+01	1.373e+00
2.612e+01	2.150e+00
2.616e+01	1.338e+00
2.620e+01	1.023e+00
2.624e+01	1.810e+00
2.628e+01	2.347e+00
2.632e+01	1.867e+00
2.636e+01	6.363e-01
2.640e+01	2.205e+00
2.644e+01	3.229e+00
2.648e+01	2.749e+00
2.652e+01	1.876e+00
2.656e+01	2.679e+00
2.660e+01	3.329e+00
2.664e+01	1.871e+00
2.668e+01	2.256e+00
2.672e+01	2.503e+00
2.676e+01	1.190e+00
2.680e+01	8.500e-01
2.684e+01	1.507e+00
2.688e+01	1.768e+00
2.692e+01	1.907e+00
2.696e+01	1.533e+00
2.700e+01	2.979e+00
2.704e+01	2.913e+00
2.708e+01	2.500e+00
2.712e+01	3.738e+00
2.716e+01	3.807e+00
2.720e+01	2.362e+00
2.724e+01	3.181e+00
2.728e+01	3.728e+00
2.732e+01	3.232e+00
2.736e+01	3.455e+00
2.740e+01	2.191e+00
2.744e+01	1.485e+00
2.748e+01	1.053e+00
2.752e+01	9.103e-01
2.756e+01	1.148e+00
2.760e+01	3.045e-01
2.764e+01	1.234e+00
2.768e+01	8.112e-01
2.772e+01	6.770e-01
2.776e+01	8.528e-01
2.780e+01	8.739e-01
2.784e+01	1.512e+00
2.788e+01	1.832e+00
2.792e+01	1.402e+00
2.796e+01	1.182e+00
2.800e+01	2.034e+00
2.804e+01	3.116e+00
2.808e+01	2.363e+00
2.812e+01	2.076e+00
2.816e+01	7.740e-01
2.820e+01	1.732e+00
2.824e+01	1.262e+00
2.828e+01	4.659e-01
2.832e+01	9.786e-01
2.836e+01	1.580e+00
2.840e+01	1.321e+00
2.844e+01	1.230e+00
2.848e+01	1.987e+00
2.852e+01	3.406e+00
2.856e+01	3.212e+00
2.860e+01	3.403e+00
2.864e+01	3.749e+00
2.868e+01	5.034e+00
2.872e+01	5.496e+00
2.876e+01	5.765e+00
2.880e+01	6.863e+00
2.884e+01	7.429e+00
2.888e+01	7.841e+00
2.892e+01	9.268e+00
2.896e+01	1.064e+01
2.900e+01	1.228e+01
2.904e+01	1.332e+01
2.908e+01	1.384e+01
2.912e+01	1.175e+01
2.916e+01	1.315e+01
2.920e+01	1.500e+01
2.924e+01	1.546e+01
2.928e+01	1.403e+01
2.932e+01	1.387e+01
2.936e+01	1.275e+01
2.940e+01	1.113e+01
2.944e+01	1.239e+01
2.948e+01	1.211e+01
2.952e+01	1.152e+01
2.956e+01	1.109e+01
2.960e+01	9.763e+00
2.964e+01	1.050e+01
2.968e+01	1.133e+01
2.972e+01	1.146e+01
2.976e+01	1.170e+01
2.980e+01	1.313e+01
2.984e+01	1.252e+01
2.988e+01	1.347e+01
2.992e+01	1.464e+01
2.996e+01	1.605e+01
3.000e+01	1.618e+01
3.004e+01	1.678e+01
3.008e+01	1.774e+01
3.012e+01	1.662e+01
3.016e+01	1.353e+01
3.020e+01	1.440e+01
3.024e+01	1.462e+01
3.028e+01	1.460e+01
3.032e+01	1.261e+01
3.036e+01	1.212e+01
3.040e+01	9.917e+00
3.044e+01	1.077e+01
3.048e+01	8.896e+00
3.052e+01	7.346e+00
3.056e+01	6.799e+00
3.060e+01	5.904e+00
3.064e+01	4.880e+00
3.068e+01	4.587e+00
3.072e+01	3.471e+00
3.076e+01	1.472e+00
3.080e+01	8.007e-01
3.084e+01	1.092e+00
3.088e+01	2.086e+00
3.092e+01	1.769e+00
3.096e+01	5.817e-01
3.100e+01	9.572e-01
3.104e+01	2.413e+00
3.108e+01	2.182e+00
3.112e+01	4.179e-01
3.116e+01	1.149e+00
3.120e+01	9.025e-01
3.124e+01	6.455e-01
3.128e+01	5.237e-01
3.132e+01	8.605e-01
3.136e+01	5.030e-01
3.140e+01	1.105e+00
3.144e+01	2.694e-01
3.148e+01	1.182e+00
3.152e+01	1.709e+00
3.156e+01	1.615e+00
3.160e+01	1.219e+00
3.164e+01	3.031e-01
3.168e+01	7.345e-01
3.172e+01	1.712e+00
3.176e+01	1.737e+00
3.180e+01	2.370e+00
3.184e+01	2.022e+00
3.188e+01	9.096e-01
3.192e+01	1.850e+00
3.196e+01	2.099e+00
3.200e+01	1.087e+00
3.204e+01	9.960e-01
3.208e+01	1.867e+00
3.212e+01	2.346e+00
3.216e+01	2.215e+00
3.220e+01	2.069e+00
3.224e+01	2.515e+00
3.228e+01	2.047e+00
3.232e+01	1.470e+00
3.236e+01	7.085e-01
3.240e+01	5.161e-01
3.244e+01	3.490e-01
3.248e+01	9.646e-01
3.252e+01	2.309e+00
3.256e+01	2.596e+00
3.260e+01	1.321e+00
3.264e+01	1.051e+00
3.268e+01	7.202e-01
3.272e+01	6.930e-01
3.276e+01	7.118e-01
3.280e+01	1.760e+00
3.284e+01	1.850e+00
3.288e+01	2.272e+00
3.292e+01	2.392e+00
3.296e+01	1.910e+00
3.300e+01	2.987e+00
3.304e+01	2.941e+00
3.308e+01	1.467e+00
3.312e+01	2.710e+00
3.316e+01	2.794e+00
3.320e+01	1.582e+00
3.324e+01	1.620e+00
3.328e+01	2.717e+00
3.332e+01	1.948e+00
3.336e+01	6.860e-01
3.340e+01	1.795e+00
3.344e+01	2.021e+00
3.348e+01	2.780e+00
3.352e+01	1.863e+00
3.356e+01	1.627e+00
3.360e+01	1.475e+00
3.364e+01	1.883e+00
3.368e+01	1.298e+00
3.372e+01	1.883e+00
3.376e+01	2.228e+00
3.380e+01	1.361e+00
3.384e+01	7.902e-01
3.388e+01	2.173e+00
3.392e+01	2.158e+00
3.396e+01	1.872e+00
3.400e+01	1.343e+00
3.404e+01	1.534e+00
3.408e+01	1.163e+00
3.412e+01	1.167e+00
3.416e+01	1.120e+00
3.420e+01	4.744e-01
3.424e+01	2.843e-01
3.428e+01	4.546e-01
3.432e+01	1.122e+00
3.436e+01	1.920e+00
3.440e+01	2.400e+00
3.444e+01	1.907e+00
3.448e+01	1.901e+00
3.452e+01	2.041e+00
3.456e+01	2.447e+00
3.460e+01	1.200e+00
3.464e+01	1.215e+00
3.468e+01	2.766e-01
3.472e+01	1.117e+00
3.476e+01	9.208e-02
3.480e+01	1.288e+00
3.484e+01	2.034e+00
3.488e+01	1.202e+00
3.492e+01	2.218e-01
3.496e+01	1.026e+00
3.500e+01	1.107e+00
3.504e+01	1.662e+00
3.508e+01	1.925e+00
3.512e+01	1.156e+00
3.516e+01	9.525e-01
3.520e+01	1.570e+00
3.524e+01	1.999e+00
3.528e+01	2.208e+00
3.532e+01	8.688e-01
3.536e+01	1.732e+00
3.540e+01	2.536e+00
3.544e+01	2.729e+00
3.548e+01	1.480e+00
3.552e+01	1.311e+00
3.556e+01	2.999e+00
3.560e+01	1.354e+00
3.564e+01	1.249e+00
3.568e+01	1.864e+00
3.572e+01	1.036e+00
3.576e+01	1.324e+00
3.580e+01	1.048e+00
3.584e+01	1.382e+00
3.588e+01	2.249e+00
3.592e+01	1.710e+00
3.596e+01	1.138e+00
3.600e+01	9.366e-01
3.604e+01	1.946e+00
3.608e+01	2.299e+00
3.612e+01	2.195e+00
3.616e+01	1.337e+00
3.620e+01	8.821e-01
3.624e+01	8.851e-01
3.628e+01	8.421e-01
3.632e+01	1.462e+00
3.636e+01	1.535e+00
3.640e+01	6.842e-01
3.644e+01	1.943e+00
3.648e+01	3.392e+00
3.652e+01	4.266e+00
3.656e+01	2.355e+00
3.660e+01	2.308e+00
3.664e+01	1.579e+00
3.668e+01	1.891e+00
3.672e+01	2.250e+00
3.676e+01	1.436e+00
3.680e+01	8.255e-01
3.684e+01	1.391e+00
3.688e+01	1.220e+00
3.692e+01	8.408e-01
3.696e+01	7.244e-01
3.700e+01	6.243e-01
3.704e+01	1.002e+00
3.708e+01	2.219e+00
3.712e+01	3.123e+00
3.716e+01	3.200e+00
3.720e+01	2.084e+00
3.724e+01	1.549e+00
3.728e+01	3.482e+00
3.732e+01	4.347e+00
3.736e+01	4.678e+00
3.740e+01	4.493e+00
3.744e+01	3.842e+00
3.748e+01	3.392e+00
3.752e+01	4.001e+00
3.756e+01	3.927e+00
3.760e+01	4.370e+00
3.764e+01	3.791e+00
3.768e+01	2.875e+00
3.772e+01	2.612e+00
3.776e+01	2.908e+00
3.780e+01	3.602e+00
3.784e+01	2.644e+00
3.788e+01	2.757e+00
3.792e+01	2.846e+00
3.796e+01	2.806e+00
3.800e+01	2.654e+00
3.804e+01	4.353e+00
3.808e+01	3.986e+00
3.812e+01	4.155e+00
3.816e+01	4.569e+00
3.820e+01	4.522e+00
3.824e+01	4.224e+00
3.828e+01	3.988e+00
3.832e+01	4.608e+00
3.836e+01	5.094e+00
3.840e+01	4.629e+00
3.844e+01	5.321e+00
3.848e+01	5.027e+00
3.852e+01	4.971e+00
3.856e+01	5.427e+00
3.860e+01	6.626e+00
3.864e+01	7.131e+00
3.868e+01	7.205e+00
3.872e+01	7.444e+00
3.876e+01	6.991e+00
3.880e+01	6.336e+00
3.884e+01	5.875e+00
3.888e+01	5.838e+00
3.892e+01	6.004e+00
3.896e+01	4.382e+00
3.900e+01	3.964e+00
3.904e+01	3.374e+00
3.908e+01	4.316e+00
3.912e+01	3.424e+00
3.916e+01	2.694e+00
3.920e+01	2.385e+00
3.924e+01	2.002e+00
3.928e+01	9.520e-01
3.932e+01	6.888e-01
3.936e+01	5.606e-01
3.940e+01	1.117e+00
3.944e+01	1.106e+00
3.948e+01	1.569e+00
3.952e+01	6.132e-01
3.956e+01	1.802e+00
3.960e+01	1.753e+00
3.964e+01	1.041e+00
3.968e+01	6.387e-01
3.972e+01	1.993e+00
3.976e+01	1.867e+00
3.980e+01	2.173e+00
3.984e+01	1.770e+00
3.988e+01	2.609e-01
3.992e+01	1.457e+00
3.996e+01	1.101e+00
4.000e+01	8.930e-01
4.004e+01	1.468e+00
4.008e+01	1.871e+00
4.012e+01	2.240e+00
4.016e+01	2.380e+00
4.020e+01	2.329e+00
4.024e+01	3.029e+00
4.028e+01	3.273e+00
4.032e+01	2.768e+00
4.036e+01	2.928e+00
4.040e+01	4.149e+00
4.044e+01	3.501e+00
4.048e+01	3.610e+00
4.052e+01	2.953e+00
4.056e+01	2.330e+00
4.060e+01	2.652e+00
4.064e+01	2.189e+00
4.068e+01	2.474e+00
4.072e+01	3.011e+00
4.076e+01	2.665e+00
4.080e+01	4.059e+00
4.084e+01	3.163e+00
4.088e+01	3.251e+00
4.092e+01	2.501e+00
4.096e+01	2.153e+00
4.100e+01	1.382e+00
4.104e+01	1.823e+00
4.108e+01	1.686e+00
4.112e+01	2.558e+00
4.116e+01	2.154e+00
4.120e+01	1.421e-01
4.124e+01	1.489e+00
4.128e+01	3.228e-01
4.132e+01	8.751e-01
4.136e+01	6.589e-01
4.140e+01	1.610e+00
4.144e+01	1.990e+00
4.148e+01	2.491e+00
4.152e+01	1.101e+00
4.156e+01	1.067e+00
4.160e+01	1.127e+00
4.164e+01	1.151e+00
4.168e+01	3.912e-01
4.172e+01	5.380e-01
4.176e+01	9.497e-01
4.180e+01	1.791e+00
4.184e+01	9.952e-01
4.188e+01	1.047e+00
4.192e+01	5.695e-01
4.196e+01	1.225e+00
4.200e+01	2.075e+00
4.204e+01	1.929e+00
4.208e+01	1.842e+00
4.212e+01	1.751e+00
4.216e+01	7.961e-01
4.220e+01	1.150e+00
4.224e+01	1.240e+00
4.228e+01	2.299e+00
4.232e+01	3.022e+00
4.236e+01	2.491e+00
4.240e+01	1.972e+00
4.244e+01	1.246e+00
4.248e+01	2.106e+00
4.252e+01	1.495e+00
4.256e+01	8.776e-01
4.260e+01	4.423e-01
4.264e+01	6.936e-01
4.268e+01	6.278e-01
4.272e+01	6.622e-01
4.276e+01	6.570e-01
4.280e+01	9.609e-01
4.284e+01	1.972e+00
4.288e+01	8.313e-01
4.292e+01	1.028e+00
4.296e+01	1.098e+00
4.300e+01	9.272e-01
4.304e+01	1.472e+00
4.308e+01	2.011e+00
4.312e+01	2.508e+00
4.316e+01	7.714e-01
4.320e+01	9.997e-01
4.324e+01	1.212e+00
4.328e+01	2.316e+00
4.332e+01	2.480e+00
4.336e+01	5.385e-01
4.340e+01	1.659e+00
4.344e+01	8.726e-01
4.348e+01	3.147e-01
4.352e+01	2.837e-01
4.356e+01	3.394e-01
4.360e+01	1.072e+00
4.364e+01	3.664e-01
4.368e+01	9.370e-01
4.372e+01	1.650e+00
4.376e+01	1.174e+00
4.380e+01	3.563e-01
4.384e+01	1.281e+00
4.388e+01	1.494e+00
4.392e+01	1.311e+00
4.396e+01	9.766e-01
4.400e+01	4.869e-01
4.404e+01	8.053e-01
4.408e+01	1.028e+00
4.412e+01	2.183e-01
4.416e+01	6.807e-01
4.420e+01	1.215e+00
4.424e+01	7.150e-01
4.428e+01	6.577e-01
4.432e+01	7.980e-01
4.436e+01	5.708e-01
4.440e+01	1.517e+00
4.444e+01	1.691e+00
4.448e+01	7.845e-01
4.452e+01	1.129e+00
4.456e+01	1.430e+00
4.460e+01	5.203e-01
4.464e+01	7.717e-01
4.468e+01	3.595e-01
4.472e+01	7.227e-01
4.476e+01	6.304e-01
4.480e+01	5.503e-01
4.484e+01	5.093e-01
4.488e+01	5.223e-01
4.492e+01	3.429e-01
4.496e+01	7.713e-01
4.500e+01	1.119e+00
4.504e+01	9.520e-01
4.508e+01	9.884e-01
4.512e+01	1.471e+00
4.516e+01	3.718e-01
4.520e+01	1.209e+00
4.524e+01	1.715e+00
4.528e+01	1.528e+00
4.532e+01	1.711e+00
4.536e+01	9.146e-01
4.540e+01	4.061e-01
4.544e+01	9.194e-01
4.548e+01	5.071e-01
4.552e+01	9.568e-01
4.556e+01	1.343e+00
4.560e+01	3.257e-01
4.564e+01	1.404e+00
4.568e+01	1.503e+00
4.572e+01	1.032e+00
4.576e+01	7.909e-01
4.580e+01	2.002e+00
4.584e+01	2.435e+00
4.588e+01	2.574e+00
4.592e+01	2.551e+00
4.596e+01	2.182e+00
4.600e+01	2.300e+00
4.604e+01	2.176e+00
4.608e+01	4.670e+00
4.612e+01	4.994e+00
4.616e+01	5.468e+00
4.620e+01	6.663e+00
4.624e+01	6.273e+00
4.628e+01	6.698e+00
4.632e+01	8.436e+00
4.636e+01	1.053e+01
4.640e+01	1.038e+01
4.644e+01	1.133e+01
4.648e+01	1.269e+01
4.652e+01	1.415e+01
4.656e+01	1.522e+01
4.660e+01	1.464e+01
4.664e+01	1.373e+01
4.668e+01	1.295e+01
4.672e+01	1.303e+01
4.676e+01	1.227e+01
4.680e+01	1.130e+01
4.684e+01	8.566e+00
4.688e+01	5.173e+00
4.692e+01	3.600e+00
4.696e+01	3.635e+00
4.700e+01	2.609e+00
4.704e+01	4.593e+00
4.708e+01	6.387e+00
4.712e+01	5.111e+00
4.716e+01	2.270e+00
4.720e+01	6.367e+00
4.724e+01	1.215e+01
4.728e+01	1.632e+01
4.732e+01	1.703e+01
4.736e+01	1.626e+01
4.740e+01	1.571e+01
4.744e+01	1.508e+01
4.748e+01	1.589e+01
4.752e+01	2.136e+01
4.756e+01	2.682e+01
4.760e+01	2.816e+01
4.764e+01	2.796e+01
4.768e+01	2.172e+01
4.772e+01	2.257e+01
4.776e+01	2.261e+01
4.780e+01	2.005e+01
4.784e+01	2.523e+01
4.788e+01	2.646e+01
4.792e+01	2.233e+01
4.796e+01	1.913e+01
4.800e+01	1.649e+01
4.804e+01	1.299e+01
4.808e+01	1.527e+01
4.812e+01	1.445e+01
4.816e+01	1.333e+01
4.820e+01	1.207e+01
4.824e+01	9.408e+00
4.828e+01	6.549e+00
4.832e+01	6.593e+00
4.836e+01	5.290e+00
4.840e+01	5.448e+00
4.844e+01	5.736e+00
4.848e+01	5.975e+00
4.852e+01	7.031e+00
4.856e+01	7.721e+00
4.860e+01	7.807e+00
4.864e+01	6.113e+00
4.868e+01	6.475e+00
4.872e+01	6.171e+00
4.876e+01	4.542e+00
4.880e+01	5.711e+00
4.884e+01	5.835e+00
4.888e+01	4.843e+00
4.892e+01	4.179e+00
4.896e+01	3.206e+00
4.900e+01	3.102e+00
4.904e+01	2.860e+00
4.908e+01	2.039e+00
4.912e+01	1.134e+00
4.916e+01	1.868e+00
4.920e+01	2.578e+00
4.924e+01	2.045e+00
4.928e+01	1.282e+00
4.932e+01	1.600e+00
4.936e+01	2.420e-01
4.940e+01	5.716e-01
4.944e+01	2.164e+00
4.948e+01	1.826e+00
4.952e+01	9.059e-01
4.956e+01	1.723e+00
4.960e+01	1.023e+00
4.964e+01	5.859e-01
4.968e+01	1.056e+00
4.972e+01	2.146e+00
4.976e+01	1.202e+00
4.980e+01	3.414e-01
4.984e+01	7.734e-01
4.988e+01	1.381e+00
4.992e+01	3.943e-01
4.996e+01	1.879e+00
5.000e+01	1.051e+00
5.004e+01	8.787e-01
5.008e+01	3.964e-01
5.012e+01	3.668e-01
5.016e+01	1.984e-01
5.020e+01	1.171e+00
5.024e+01	1.296e+00
5.028e+01	1.872e+00
5.032e+01	3.845e-01
5.036e+01	1.198e+00
5.040e+01	1.683e+00
5.044e+01	1.931e+00
5.048e+01	1.537e+00
5.052e+01	1.660e+00
5.056e+01	1.133e+00
5.060e+01	7.898e-02
5.064e+01	6.821e-01
5.068e+01	1.343e+00
5.072e+01	1.400e+00
5.076e+01	9.852e-01
5.080e+01	5.234e-01
5.084e+01	7.300e-01
5.088e+01	9.456e-01
5.092e+01	6.700e-01
5.096e+01	4.966e-01
5.100e+01	2.876e-01
5.104e+01	4.185e-01
5.108e+01	1.092e+00
5.112e+01	1.038e+00
5.116e+01	7.694e-01
5.120e+01	5.787e-01
5.124e+01	6.500e-01
5.128e+01	1.094e+00
5.132e+01	5.431e-01
5.136e+01	6.232e-02
5.140e+01	1.447e-01
5.144e+01	9.342e-01
5.148e+01	1.470e+00
5.152e+01	1.851e-01
5.156e+01	8.291e-01
5.160e+01	6.246e-01
5.164e+01	2.962e-01
5.168e+01	7.041e-01
5.172e+01	1.464e+00
5.176e+01	1.048e+00
5.180e+01	5.309e-01
5.184e+01	9.733e-01
5.188e+01	1.448e+00
5.192e+01	1.180e+00
5.196e+01	4.402e-01
5.200e+01	1.081e+00
5.204e+01	5.491e-01
5.208e+01	5.552e-01
5.212e+01	1.681e-01
5.216e+01	5.146e-01
5.220e+01	6.378e-01
5.224e+01	3.798e-01
5.228e+01	6.774e-01
5.232e+01	1.423e+00
5.236e+01	1.510e+00
5.240e+01	1.231e+00
5.244e+01	2.713e-01
5.248e+01	4.796e-01
5.252e+01	4.240e-01
5.256e+01	6.491e-01
5.260e+01	4.270e-01
5.264e+01	5.225e-01
5.268e+01	7.338e-01
5.272e+01	4.105e-01
5.276e+01	1.139e+00
5.280e+01	1.599e+00
5.284e+01	1.858e+00
5.288e+01	1.355e+00
5.292e+01	9.497e-01
5.296e+01	2.391e-01
5.300e+01	9.045e-01
5.304e+01	7.377e-01
5.308e+01	6.706e-01
5.312e+01	1.314e-01
5.316e+01	1.946e-01
5.320e+01	1.347e+00
5.324e+01	1.465e+00
5.328e+01	3.528e-01
5.332e+01	5.668e-01
5.336e+01	5.436e-01
5.340e+01	4.436e-01
5.344e+01	9.961e-01
5.348e+01	1.302e+00
5.352e+01	8.985e-01
5.356e+01	5.596e-01
5.360e+01	1.772e-01
5.364e+01	1.202e+00
5.368e+01	1.222e+00
5.372e+01	8.039e-01
5.376e+01	4.944e-01
5.380e+01	4.938e-01
5.384e+01	6.689e-01
5.388e+01	5.350e-01
5.392e+01	2.045e-01
5.396e+01	5.349e-01
5.400e+01	1.107e-01
5.404e+01	7.112e-01
5.408e+01	7.282e-01
5.412e+01	8.159e-01
5.416e+01	7.807e-01
5.420e+01	6.709e-01
5.424e+01	1.381e+00
5.428e+01	9.017e-02
5.432e+01	4.171e-01
5.436e+01	1.309e-01
5.440e+01	2.482e-01
5.444e+01	4.361e-01
5.448e+01	1.045e+00
5.452e+01	9.144e-01
5.456e+01	3.347e-01
5.460e+01	1.074e+00
5.464e+01	4.182e-01
5.468e+01	1.260e+00
5.472e+01	1.091e+00
5.476e+01	1.258e+00
5.480e+01	5.873e-01
5.484e+01	1.105e+00
5.488e+01	5.964e-01
5.492e+01	7.101e-01
5.496e+01	6.316e-01
5.500e+01	8.721e-01
5.504e+01	8.854e-01
5.508e+01	6.659e-01
5.512e+01	1.688e+00
5.516e+01	1.454e+00
5.520e+01	4.901e-01
5.524e+01	9.117e-01
5.528e+01	8.054e-01
5.532e+01	1.284e+00
5.536e+01	1.597e+00
5.540e+01	1.184e+00
5.544e+01	1.314e+00
5.548e+01	1.792e+00
5.552e+01	1.751e+00
5.556e+01	2.087e+00
5.560e+01	2.011e+00
5.564e+01	2.389e+00
5.568e+01	3.238e+00
5.572e+01	2.067e+00
5.576e+01	2.198e+00
5.580e+01	2.449e+00
5.584e+01	2.418e+00
5.588e+01	1.279e+00
5.592e+01	2.217e+00
5.596e+01	3.010e+00
5.600e+01	2.891e+00
5.604e+01	2.573e+00
5.608e+01	2.654e+00
5.612e+01	3.594e+00
5.616e+01	2.804e+00
5.620e+01	3.525e+00
5.624e+01	3.633e+00
5.628e+01	4.257e+00
5.632e+01	3.977e+00
5.636e+01	4.395e+00
5.640e+01	4.311e+00
5.644e+01	4.270e+00
5.648e+01	4.022e+00
5.652e+01	2.684e+00
5.656e+01	2.566e+00
5.660e+01	1.757e+00
5.664e+01	2.388e+00
5.668e+01	2.174e+00
5.672e+01	1.562e+00
5.676e+01	1.629e+00
5.680e+01	1.671e+00
5.684e+01	1.771e+00
5.688e+01	1.310e+00
5.692e+01	2.295e+00
5.696e+01	1.207e+00
5.700e+01	1.772e+00
5.704e+01	1.399e+00
5.708e+01	7.794e-01
5.712e+01	6.929e-01
5.716e+01	6.893e-01
5.720e+01	1.012e+00
5.724e+01	1.210e+00
5.728e+01	8.352e-01
5.732e+01	5.609e-01
5.736e+01	1.114e+00
5.740e+01	6.681e-01
5.744e+01	1.470e-01
5.748e+01	5.023e-01
5.752e+01	8.382e-01
5.756e+01	3.332e-01
5.760e+01	5.175e-01
5.764e+01	5.056e-01
5.768e+01	1.421e+00
5.772e+01	1.020e+00
5.776e+01	1.901e+00
5.780e+01	1.457e+00
5.784e+01	1.588e+00
5.788e+01	9.802e-01
5.792e+01	1.263e+00
5.796e+01	9.153e-01
5.800e+01	2.419e+00
5.804e+01	1.801e+00
5.808e+01	1.491e+00
5.812e+01	2.410e+00
5.816e+01	2.264e+00
5.820e+01	2.333e+00
5.824e+01	1.030e+00
5.828e+01	1.435e+00
5.832e+01	1.977e+00
5.836e+01	2.096e+00
5.840e+01	1.808e+00
5.844e+01	1.657e+00
5.848e+01	2.270e+00
5.852e+01	1.792e+00
5.856e+01	1.682e+00
5.860e+01	1.688e+00
5.864e+01	1.060e+00
5.868e+01	1.196e-01
5.872e+01	1.276e+00
5.876e+01	1.074e+00
5.880e+01	5.690e-01
5.884e+01	9.248e-01
5.888e+01	1.388e-01
5.892e+01	3.704e-01
5.896e+01	2.961e-01
5.900e+01	5.890e-01
5.904e+01	5.138e-01
5.908e+01	5.318e-01
5.912e+01	3.870e-01
5.916e+01	1.081e+00
5.920e+01	1.610e+00
5.924e+01	1.867e+00
5.928e+01	2.881e+00
5.932e+01	2.160e+00
5.936e+01	2.386e+00
5.940e+01	2.124e+00
5.944e+01	1.537e+00
5.948e+01	1.554e+00
5.952e+01	1.372e+00
5.956e+01	1.256e+00
5.960e+01	8.479e-01
5.964e+01	9.713e-01
5.968e+01	1.662e+00
5.972e+01	1.452e+00
5.976e+01	1.398e+00
5.980e+01	1.451e+00
5.984e+01	8.314e-01
5.988e+01	8.723e-01
5.992e+01	1.507e+00
5.996e+01	1.430e+00
6.000e+01	1.111e+00
6.004e+01	3.365e-01
6.008e+01	4.996e-01
6.012e+01	2.849e-01
6.016e+01	1.172e+00
6.020e+01	1.053e+00
6.024e+01	7.628e-01
6.028e+01	1.422e+00
6.032e+01	1.487e+00
6.036e+01	1.114e+00
6.040e+01	9.255e-01
6.044e+01	4.146e-01
6.048e+01	1.379e+00
6.052e+01	1.708e+00
6.056e+01	1.894e+00
6.060e+01	2.313e+00
6.064e+01	2.072e+00
6.068e+01	1.895e+00
6.072e+01	2.207e+00
6.076e+01	1.863e+00
6.080e+01	1.086e+00
6.084e+01	8.630e-01
6.088e+01	2.380e-01
6.092e+01	9.402e-01
6.096e+01	5.133e-01
6.100e+01	3.900e-01
6.104e+01	5.842e-01
6.108e+01	9.923e-01
6.112e+01	2.864e-01
6.116e+01	1.559e+00
6.120e+01	1.477e+00
6.124e+01	8.289e-01
6.128e+01	1.098e+00
6.132e+01	2.002e-01
6.136e+01	7.751e-01
6.140e+01	3.028e-01
6.144e+01	3.604e-01
6.148e+01	6.587e-01
6.152e+01	2.914e-01
6.156e+01	3.776e-01
6.160e+01	2.564e-01
6.164e+01	1.221e-01
6.168e+01	4.210e-01
6.172e+01	1.039e+00
6.176e+01	1.086e+00
6.180e+01	1.137e+00
6.184e+01	3.200e-01
6.188e+01	3.613e-01
6.192e+01	1.135e+00
6.196e+01	1.071e+00
6.200e+01	1.156e+00
6.204e+01	1.864e+00
6.208e+01	1.791e+00
6.212e+01	6.156e-01
6.216e+01	1.310e-01
6.220e+01	5.058e-01
6.224e+01	2.802e-01
6.228e+01	1.242e+00
6.232e+01	1.203e+00
6.236e+01	1.508e+00
6.240e+01	5.524e-01
6.244e+01	1.067e+00
6.248e+01	7.605e-01
6.252e+01	7.683e-02
6.256e+01	3.429e-01
6.260e+01	6.544e-01
6.264e+01	9.663e-01
6.268e+01	1.588e+00
6.272e+01	1.157e+00
6.276e+01	9.337e-01
6.280e+01	4.792e-01
6.284e+01	3.445e-01
6.288e+01	4.861e-01
6.292e+01	6.607e-01
6.296e+01	6.836e-01
6.300e+01	2.921e-01
6.304e+01	2.201e-01
6.308e+01	2.892e-01
6.312e+01	6.542e-01
6.316e+01	1.890e-01
6.320e+01	1.301e+00
6.324e+01	1.996e+00
6.328e+01	1.831e+00
6.332e+01	1.053e+00
6.336e+01	1.171e+00
6.340e+01	6.095e-01
6.344e+01	1.297e+00
6.348e+01	1.224e+00
6.352e+01	9.827e-01
6.356e+01	1.159e+00
6.360e+01	1.430e+00
6.364e+01	1.156e+00
6.368e+01	1.595e+00
6.372e+01	1.642e+00
6.376e+01	1.352e+00
6.380e+01	2.319e-01
6.384e+01	1.074e+00
6.388e+01	1.413e+00
6.392e+01	2.671e+00
6.396e+01	1.590e+00
6.400e+01	1.329e+00
6.404e+01	1.817e+00
6.408e+01	2.206e+00
6.412e+01	1.344e+00
6.416e+01	1.119e+00
6.420e+01	1.305e+00
6.424e+01	1.135e+00
6.428e+01	1.498e+00
6.432e+01	5.229e-01
6.436e+01	5.993e-01
6.440e+01	1.836e+00
6.444e+01	6.495e-01
6.448e+01	5.745e-01
6.452e+01	1.811e+00
6.456e+01	1.391e+00
6.460e+01	1.166e+00
6.464e+01	1.536e+00
6.468e+01	3.494e+00
6.472e+01	2.939e+00
6.476e+01	2.482e+00
6.480e+01	3.524e+00
6.484e+01	3.557e+00
6.488e+01	2.026e+00
6.492e+01	4.034e+00
6.496e+01	4.358e+00
6.500e+01	3.757e+00
6.504e+01	2.958e+00
6.508e+01	3.839e+00
6.512e+01	4.027e+00
6.516e+01	3.195e+00
6.520e+01	2.721e+00
6.524e+01	3.076e+00
6.528e+01	2.953e+00
6.532e+01	8.635e-01
6.536e+01	2.812e+00
6.540e+01	3.483e+00
6.544e+01	3.453e+00
6.548e+01	2.748e+00
6.552e+01	2.470e+00
6.556e+01	3.240e+00
6.560e+01	2.601e+00
6.564e+01	1.313e+00
6.568e+01	1.308e+00
6.572e+01	1.412e+00
6.576e+01	1.762e+00
6.580e+01	4.531e-01
6.584e+01	9.433e-01
6.588e+01	1.880e+00
6.592e+01	1.227e+00
6.596e+01	1.150e+00
6.600e+01	2.258e-01
6.604e+01	6.702e-01
6.608e+01	1.138e+00
6.612e+01	3.538e-01
6.616e+01	1.680e+00
6.620e+01	1.567e+00
6.624e+01	1.424e+00
6.628e+01	6.472e-01
6.632e+01	6.306e-01
6.636e+01	1.168e+00
6.640e+01	9.663e-01
6.644e+01	7.882e-01
6.648e+01	2.518e+00
6.652e+01	2.895e+00
6.656e+01	1.504e+00
6.660e+01	9.259e-01
6.664e+01	2.400e+00
6.668e+01	1.258e+00
6.672e+01	1.774e+00
6.676e+01	7.191e-01
6.680e+01	1.927e+00
6.684e+01	1.262e+00
6.688e+01	2.252e+00
6.692e+01	1.827e+00
6.696e+01	2.902e-01
6.700e+01	4.270e-01
6.704e+01	7.979e-01
6.708e+01	6.335e-01
6.712e+01	3.764e-01
6.716e+01	1.202e+00
6.720e+01	5.060e-01
6.724e+01	6.212e-01
6.728e+01	1.543e+00
6.732e+01	1.264e+00
6.736e+01	1.612e+00
6.740e+01	1.474e+00
6.744e+01	1.724e+00
6.748e+01	2.010e+00
6.752e+01	9.038e-01
6.756e+01	1.795e+00
6.760e+01	2.294e+00
6.764e+01	6.637e-01
6.768e+01	2.737e+00
6.772e+01	3.031e+00
6.776e+01	1.697e+00
6.780e+01	2.255e+00
6.784e+01	2.978e+00
6.788e+01	2.068e+00
6.792e+01	8.740e-01
6.796e+01	8.368e-01
6.800e+01	9.692e-01
6.804e+01	4.270e-01
6.808e+01	9.983e-01
6.812e+01	1.374e+00
6.816e+01	1.470e+00
6.820e+01	2.550e+00
6.824e+01	2.411e+00
6.828e+01	9.416e-01
6.832e+01	2.495e+00
6.836e+01	1.902e+00
6.840e+01	4.357e-01
6.844e+01	5.724e-01
6.848e+01	7.028e-01
6.852e+01	1.256e+00
6.856e+01	1.245e+00
6.860e+01	2.431e+00
6.864e+01	2.227e+00
6.868e+01	1.015e+00
6.872e+01	1.941e+00
6.876e+01	2.264e+00
6.880e+01	2.198e+00
6.884e+01	2.243e+00
6.888e+01	1.632e+00
6.892e+01	1.529e+00
6.896e+01	4.200e-01
6.900e+01	1.325e+00
6.904e+01	2.400e+00
6.908e+01	2.592e+00
6.912e+01	1.808e+00
6.916e+01	1.870e+00
6.920e+01	2.239e+00
6.924e+01	1.729e+00
6.928e+01	1.297e+00
6.932e+01	1.566e+00
6.936e+01	1.820e+00
6.940e+01	4.691e-01
6.944e+01	1.697e+00
6.948e+01	1.100e+00
6.952e+01	5.609e-01
6.956e+01	8.255e-01
6.960e+01	2.368e-01
6.964e+01	1.327e+00
6.968e+01	1.638e+00
6.972e+01	1.756e+00
6.976e+01	8.387e-01
6.980e+01	1.442e+00
6.984e+01	1.150e+00
6.988e+01	1.677e+00
6.992e+01	1.559e+00
6.996e+01	8.479e-01
7.000e+01	6.748e-01
7.004e+01	1.209e+00
7.008e+01	1.104e+00
7.012e+01	6.376e-01
7.016e+01	8.772e-01
7.020e+01	7.218e-01
7.024e+01	2.332e-01
7.028e+01	6.176e-01
7.032e+01	6.496e-01
7.036e+01	5.672e-01
7.040e+01	5.223e-01
7.044e+01	8.079e-02
7.048e+01	9.649e-01
7.052e+01	7.614e-01
7.056e+01	6.272e-01
7.060e+01	1.481e+00
7.064e+01	1.422e+00
7.068e+01	6.301e-01
7.072e+01	2.848e-01
7.076e+01	5.635e-01
7.080e+01	8.660e-01
7.084e+01	5.148e-01
7.088e+01	6.302e-01
7.092e+01	1.405e+00
7.096e+01	1.604e+00
7.100e+01	1.590e+00
7.104e+01	1.423e+00
7.108e+01	9.665e-01
7.112e+01	1.707e-01
7.116e+01	4.265e-01
7.120e+01	9.023e-01
7.124e+01	7.950e-01
7.128e+01	7.302e-01
7.132e+01	2.733e-01
7.136e+01	4.518e-01
7.140e+01	1.084e+00
7.144e+01	8.590e-01
7.148e+01	1.433e+00
7.152e+01	1.525e+00
7.156e+01	1.400e+00
7.160e+01	3.264e-01
7.164e+01	1.159e+00
7.168e+01	1.268e+00
7.172e+01	1.208e+00
7.176e+01	2.440e+00
7.180e+01	7.596e-01
7.184e+01	1.027e+00
7.188e+01	1.676e+00
7.192e+01	1.430e+00
7.196e+01	8.105e-01
7.200e+01	6.153e-01
7.204e+01	1.179e+00
7.208e+01	1.404e+00
7.212e+01	1.317e+00
7.216e+01	1.608e+00
7.220e+01	2.366e+00
7.224e+01	2.216e+00
7.228e+01	2.201e+00
7.232e+01	2.742e-01
7.236e+01	1.170e+00
7.240e+01	1.450e+00
7.244e+01	1.474e+00
7.248e+01	1.828e+00
7.252e+01	1.359e+00
7.256e+01	7.471e-01
7.260e+01	4.092e-01
7.264e+01	1.229e+00
7.268e+01	2.056e+00
7.272e+01	1.674e+00
7.276e+01	2.076e+00
7.280e+01	1.134e+00
7.284e+01	1.783e+00
7.288e+01	1.468e+00
7.292e+01	4.282e-01
7.296e+01	6.834e-01
7.300e+01	1.106e+00
7.304e+01	1.185e+00
7.308e+01	1.748e+00
7.312e+01	1.051e+00
7.316e+01	1.703e+00
7.320e+01	4.049e-01
7.324e+01	9.105e-01
7.328e+01	1.140e+00
7.332e+01	1.462e+00
7.336e+01	5.625e-01
7.340e+01	1.783e+00
7.344e+01	1.787e+00
7.348e+01	1.568e+00
7.352e+01	7.536e-01
7.356e+01	1.258e+00
7.360e+01	7.910e-01
7.364e+01	4.426e-01
7.368e+01	9.248e-01
7.372e+01	5.739e-01
7.376e+01	1.063e+00
7.380e+01	1.543e+00
7.384e+01	1.954e+00
7.388e+01	3.670e-01
7.392e+01	1.063e+00
7.396e+01	1.494e+00
7.400e+01	1.339e+00
7.404e+01	3.263e-01
7.408e+01	1.013e+00
7.412e+01	1.342e+00
7.416e+01	1.983e+00
7.420e+01	9.700e-01
7.424e+01	2.834e-01
7.428e+01	2.145e+00
7.432e+01	2.062e+00
7.436e+01	1.079e+00
7.440e+01	1.678e+00
7.444e+01	1.383e+00
7.448e+01	9.809e-01
7.452e+01	1.875e+00
7.456e+01	2.977e+00
7.460e+01	1.810e+00
7.464e+01	2.087e+00
7.468e+01	2.464e+00
7.472e+01	2.261e+00
7.476e+01	2.234e+00
7.480e+01	1.458e+00
7.484e+01	1.796e+00
7.488e+01	7.924e-01
7.492e+01	5.584e-01
7.496e+01	9.451e-02
7.500e+01	1.014e+00
7.504e+01	1.098e+00
7.508e+01	6.856e-01
7.512e+01	4.878e-01
7.516e+01	1.246e+00
7.520e+01	1.565e+00
7.524e+01	7.318e-01
7.528e+01	1.761e+00
7.532e+01	1.438e+00
7.536e+01	7.556e-01
7.540e+01	4.863e-01
7.544e+01	9.052e-01
7.548e+01	8.624e-01
7.552e+01	7.780e-01
7.556e+01	1.244e+00
7.560e+01	1.095e+00
7.564e+01	9.467e-01
7.568e+01	1.634e+00
7.572e+01	1.008e+00
7.576e+01	1.052e+00
7.580e+01	1.474e-01
7.584e+01	8.167e-01
7.588e+01	1.303e+00
7.592e+01	1.101e+00
7.596e+01	1.050e+00
7.600e+01	7.562e-01
7.604e+01	1.622e+00
7.608e+01	1.474e+00
7.612e+01	1.643e+00
7.616e+01	1.032e+00
7.620e+01	1.691e+00
7.624e+01	2.078e+00
7.628e+01	2.086e+00
7.632e+01	2.076e+00
7.636e+01	2.210e+00
7.640e+01	3.381e+00
7.644e+01	2.904e+00
7.648e+01	2.382e+00
7.652e+01	2.965e+00
7.656e+01	3.168e+00
7.660e+01	2.543e+00
7.664e+01	2.564e+00
7.668e+01	3.351e+00
7.672e+01	3.393e+00
7.676e+01	2.838e+00
7.680e+01	3.385e+00
7.684e+01	2.602e+00
7.688e+01	3.341e+00
7.692e+01	2.872e+00
7.696e+01	2.454e+00
7.700e+01	2.851e+00
7.704e+01	1.671e+00
7.708e+01	1.799e+00
7.712e+01	9.657e-01
7.716e+01	1.119e+00
7.720e+01	5.319e-01
7.724e+01	1.802e+00
7.728e+01	1.104e+00
7.732e+01	1.645e+00
7.736e+01	2.982e+00
7.740e+01	2.833e+00
7.744e+01	1.459e+00
7.748e+01	1.234e+00
7.752e+01	1.410e-01
7.756e+01	7.834e-01
7.760e+01	4.427e-01
7.764e+01	7.088e-01
7.768e+01	7.118e-01
7.772e+01	5.056e-01
7.776e+01	3.039e-01
7.780e+01	1.789e+00
7.784e+01	1.046e+00
7.788e+01	6.089e-01
7.792e+01	1.775e+00
7.796e+01	2.195e+00
7.800e+01	2.482e+00
7.804e+01	2.093e+00
7.808e+01	2.400e+00
7.812e+01	2.737e+00
7.816e+01	2.446e+00
7.820e+01	1.718e+00
7.824e+01	1.787e+00
7.828e+01	1.865e+00
7.832e+01	1.563e+00
7.836e+01	1.273e+00
7.840e+01	5.697e-01
7.844e+01	1.951e+00
7.848e+01	2.203e+00
7.852e+01	9.242e-01
7.856e+01	1.442e+00
7.860e+01	2.329e+00
7.864e+01	2.026e+00
7.868e+01	1.420e+00
7.872e+01	1.180e+00
7.876e+01	2.162e+00
7.880e+01	2.643e+00
7.884e+01	8.267e-01
7.888e+01	1.307e+00
7.892e+01	1.891e+00
7.896e+01	1.599e+00
7.900e+01	6.299e-01
7.904e+01	7.575e-01
7.908e+01	6.376e-01
7.912e+01	3.674e-01
7.916e+01	5.817e-01
7.920e+01	7.580e-02
7.924e+01	7.472e-01
7.928e+01	1.520e+00
7.932e+01	1.328e+00
7.936e+01	6.837e-01
7.940e+01	6.814e-01
7.944e+01	3.693e-01
7.948e+01	7.031e-01
7.952e+01	9.363e-01
7.956e+01	5.296e-01
7.960e+01	1.864e+00
7.964e+01	2.391e+00
7.968e+01	1.823e+00
7.972e+01	1.308e+00
7.976e+01	6.491e-01
7.980e+01	3.278e-01
7.984e+01	3.554e-01
7.988e+01	6.196e-01
7.992e+01	1.603e+00
7.996e+01	2.178e+00
8.000e+01	1.316e+00
8.004e+01	1.057e+00
8.008e+01	1.569e+00
8.012e+01	2.869e-01
8.016e+01	6.835e-01
8.020e+01	3.237e-01
8.024e+01	1.488e+00
8.028e+01	1.841e+00
8.032e+01	1.063e+00
8.036e+01	5.453e-01
8.040e+01	9.780e-01
8.044e+01	4.627e-01
8.048e+01	6.257e-01
8.052e+01	4.297e-01
8.056e+01	6.209e-01
8.060e+01	7.123e-01
8.064e+01	3.241e-01
8.068e+01	1.270e+00
8.072e+01	8.936e-01
8.076e+01	1.705e+00
8.080e+01	1.613e+00
8.084e+01	1.653e+00
8.088e+01	3.415e-01
8.092e+01	9.175e-01
8.096e+01	1.028e+00
8.100e+01	1.304e+00
8.104e+01	9.299e-01
8.108e+01	5.309e-01
8.112e+01	1.130e+00
8.116e+01	7.032e-01
8.120e+01	7.037e-01
8.124e+01	7.732e-01
8.128e+01	6.239e-01
8.132e+01	1.697e+00
8.136e+01	1.924e+00
8.140e+01	9.021e-01
8.144e+01	6.307e-01
8.148e+01	8.147e-01
8.152e+01	2.751e-01
8.156e+01	1.195e+00
8.160e+01	1.385e+00
8.164e+01	8.396e-01
8.168e+01	1.002e+00
8.172e+01	5.320e-01
8.176e+01	6.816e-01
8.180e+01	2.001e+00
8.184e+01	1.653e+00
8.188e+01	7.392e-01
