0.000e+00	1.947e+00	
6.104e-03	9.094e-01
1.221e-02	3.185e-01
1.831e-02	2.171e-01
2.441e-02	3.696e-01
3.052e-02	3.703e-01
3.662e-02	3.802e-01
4.272e-02	5.547e-01
4.883e-02	3.582e-01
5.493e-02	2.596e-01
6.104e-02	2.133e-01
6.714e-02	1.416e-01
7.324e-02	2.413e-01
7.935e-02	2.356e-01
8.545e-02	2.555e-01
9.155e-02	3.007e-01
9.766e-02	3.606e-01
1.038e-01	4.197e-01
1.099e-01	3.256e-01
1.160e-01	5.054e-01
1.221e-01	6.082e-01
1.282e-01	3.946e-01
1.343e-01	4.821e-01
1.404e-01	5.514e-01
1.465e-01	5.912e-01
1.526e-01	4.734e-01
1.587e-01	4.260e-01
1.648e-01	5.360e-01
1.709e-01	1.944e-01
1.770e-01	6.603e-01
1.831e-01	8.466e-01
1.892e-01	3.417e-01
1.953e-01	3.905e-01
2.014e-01	5.063e-01
2.075e-01	3.774e-01
2.136e-01	3.529e-01
2.197e-01	7.064e-01
2.258e-01	6.511e-01
2.319e-01	4.397e-01
2.380e-01	7.204e-01
2.441e-01	4.713e-01
2.502e-01	5.389e-01
2.563e-01	4.561e-01
2.625e-01	6.393e-01
2.686e-01	3.408e-01
2.747e-01	5.007e-01
2.808e-01	4.559e-01
2.869e-01	8.211e-01
2.930e-01	3.455e-01
2.991e-01	3.263e-01
3.052e-01	4.291e-01
3.113e-01	6.213e-01
3.174e-01	2.722e-01
3.235e-01	5.130e-01
3.296e-01	8.200e-01
3.357e-01	3.369e-01
3.418e-01	2.211e-01
3.479e-01	6.140e-01
3.540e-01	7.561e-01
3.601e-01	2.999e-01
3.662e-01	1.954e-01
3.723e-01	6.721e-01
3.784e-01	4.978e-01
3.845e-01	4.984e-01
3.906e-01	4.919e-01
3.967e-01	7.397e-01
4.028e-01	3.164e-01
4.089e-01	2.458e-01
4.150e-01	4.000e-01
4.211e-01	5.754e-01
4.272e-01	2.615e-02
4.333e-01	6.580e-01
4.395e-01	6.473e-01
4.456e-01	1.867e-01
4.517e-01	4.434e-01
4.578e-01	7.719e-01
4.639e-01	3.530e-01
4.700e-01	3.117e-01
4.761e-01	1.509e-01
4.822e-01	6.164e-01
4.883e-01	2.514e-01
4.944e-01	6.825e-01
5.005e-01	5.092e-01
5.066e-01	4.980e-01
5.127e-01	1.710e-01
5.188e-01	6.236e-01
5.249e-01	8.456e-01
5.310e-01	2.869e-01
5.371e-01	6.229e-01
5.432e-01	5.352e-01
5.493e-01	5.721e-01
5.554e-01	2.010e-01
5.615e-01	6.363e-01
5.676e-01	5.587e-01
5.737e-01	1.870e-01
5.798e-01	7.365e-01
5.859e-01	7.403e-01
5.920e-01	5.821e-01
5.981e-01	4.279e-01
6.042e-01	7.169e-01
6.104e-01	8.469e-01
6.165e-01	2.362e-01
6.226e-01	4.166e-01
6.287e-01	9.769e-01
6.348e-01	8.545e-01
6.409e-01	3.128e-01
6.470e-01	6.138e-01
6.531e-01	1.040e+00
6.592e-01	2.159e-01
6.653e-01	1.069e+00
6.714e-01	1.026e+00
6.775e-01	6.839e-01
6.836e-01	2.919e-01
6.897e-01	1.214e+00
6.958e-01	8.931e-01
7.019e-01	5.733e-01
7.080e-01	4.818e-01
7.141e-01	1.496e+00
7.202e-01	8.947e-01
7.263e-01	5.649e-01
7.324e-01	1.279e+00
7.385e-01	1.556e+00
7.446e-01	4.161e-01
7.507e-01	7.861e-01
7.568e-01	1.035e+00
7.629e-01	3.794e-01
7.690e-01	1.283e+00
7.751e-01	1.099e+00
7.813e-01	8.812e-01
7.874e-01	9.590e-02
7.935e-01	1.450e+00
7.996e-01	1.288e+00
8.057e-01	1.018e+00
8.118e-01	5.618e-01
8.179e-01	1.431e+00
8.240e-01	1.127e+00
8.301e-01	7.632e-01
8.362e-01	1.619e+00
8.423e-01	1.721e+00
8.484e-01	8.819e-01
8.545e-01	1.152e+00
8.606e-01	1.633e+00
8.667e-01	1.158e+00
8.728e-01	5.034e-01
8.789e-01	1.114e+00
8.850e-01	1.569e+00
8.911e-01	4.064e-01
8.972e-01	1.749e+00
9.033e-01	1.979e+00
9.094e-01	9.933e-01
9.155e-01	8.850e-01
9.216e-01	1.574e+00
9.277e-01	1.454e+00
9.338e-01	9.825e-01
9.399e-01	1.641e+00
9.460e-01	1.818e+00
9.521e-01	1.148e+00
9.583e-01	1.327e+00
9.644e-01	2.282e+00
9.705e-01	1.578e+00
9.766e-01	1.273e+00
9.827e-01	1.987e+00
9.888e-01	1.743e+00
9.949e-01	1.187e+00
1.001e+00	1.402e+00
1.007e+00	1.901e+00
1.013e+00	1.048e+00
1.019e+00	1.272e+00
1.025e+00	1.672e+00
1.031e+00	1.942e+00
1.038e+00	1.382e+00
1.044e+00	1.959e+00
1.050e+00	2.593e+00
1.056e+00	1.606e+00
1.062e+00	1.878e+00
1.068e+00	2.483e+00
1.074e+00	2.068e+00
1.080e+00	1.799e+00
1.086e+00	2.308e+00
1.093e+00	2.358e+00
1.099e+00	1.832e+00
1.105e+00	2.276e+00
1.111e+00	2.418e+00
1.117e+00	1.981e+00
1.123e+00	1.905e+00
1.129e+00	2.570e+00
1.135e+00	1.480e+00
1.141e+00	1.551e+00
1.147e+00	2.436e+00
1.154e+00	2.499e+00
1.160e+00	1.672e+00
1.166e+00	2.945e+00
1.172e+00	3.667e+00
1.178e+00	2.638e+00
1.184e+00	3.243e+00
1.190e+00	4.365e+00
1.196e+00	3.430e+00
1.202e+00	1.898e+00
1.208e+00	3.246e+00
1.215e+00	3.166e+00
1.221e+00	2.164e+00
1.227e+00	2.414e+00
1.233e+00	3.026e+00
1.239e+00	8.632e-01
1.245e+00	2.088e+00
1.251e+00	4.289e+00
1.257e+00	3.609e+00
1.263e+00	9.683e-01
1.270e+00	4.116e+00
1.276e+00	4.997e+00
1.282e+00	3.390e+00
1.288e+00	3.913e+00
1.294e+00	5.666e+00
1.300e+00	4.257e+00
1.306e+00	1.213e+00
1.312e+00	3.560e+00
1.318e+00	4.504e+00
1.324e+00	2.025e+00
1.331e+00	2.969e+00
1.337e+00	4.509e+00
1.343e+00	2.535e+00
1.349e+00	3.012e+00
1.355e+00	6.177e+00
1.361e+00	6.575e+00
1.367e+00	2.314e+00
1.373e+00	3.296e+00
1.379e+00	5.114e+00
1.385e+00	3.023e+00
1.392e+00	2.645e+00
1.398e+00	5.364e+00
1.404e+00	3.854e+00
1.410e+00	1.741e+00
1.416e+00	6.786e+00
1.422e+00	7.851e+00
1.428e+00	4.907e+00
1.434e+00	2.513e+00
1.440e+00	6.363e+00
1.447e+00	4.836e+00
1.453e+00	2.140e+00
1.459e+00	6.133e+00
1.465e+00	7.038e+00
1.471e+00	4.205e+00
1.477e+00	5.708e+00
1.483e+00	7.976e+00
1.489e+00	5.603e+00
1.495e+00	1.817e+00
1.501e+00	5.497e+00
1.508e+00	4.542e+00
1.514e+00	1.448e+00
1.520e+00	6.409e+00
1.526e+00	8.190e+00
1.532e+00	4.982e+00
1.538e+00	2.503e+00
1.544e+00	6.683e+00
1.550e+00	5.812e+00
1.556e+00	1.306e+00
1.563e+00	3.860e+00
1.569e+00	4.891e+00
1.575e+00	2.697e+00
1.581e+00	6.734e+00
1.587e+00	1.012e+01
1.593e+00	7.806e+00
1.599e+00	3.352e+00
1.605e+00	7.362e+00
1.611e+00	8.252e+00
1.617e+00	2.967e+00
1.624e+00	3.457e+00
1.630e+00	6.608e+00
1.636e+00	5.050e+00
1.642e+00	3.686e+00
1.648e+00	6.460e+00
1.654e+00	6.158e+00
1.660e+00	2.603e+00
1.666e+00	2.347e+00
1.672e+00	3.541e+00
1.678e+00	6.078e-01
1.685e+00	4.473e+00
1.691e+00	7.735e+00
1.697e+00	7.259e+00
1.703e+00	5.552e+00
1.709e+00	7.835e+00
1.715e+00	8.998e+00
1.721e+00	4.406e+00
1.727e+00	2.035e+00
1.733e+00	4.895e+00
1.740e+00	3.517e+00
1.746e+00	2.042e+00
1.752e+00	6.303e+00
1.758e+00	7.703e+00
1.764e+00	6.029e+00
1.770e+00	3.056e+00
1.776e+00	2.720e+00
1.782e+00	2.217e+00
1.788e+00	2.016e+00
1.794e+00	2.663e+00
1.801e+00	2.331e+00
1.807e+00	4.272e+00
1.813e+00	7.373e+00
1.819e+00	8.201e+00
1.825e+00	5.980e+00
1.831e+00	3.921e+00
1.837e+00	4.841e+00
1.843e+00	4.008e+00
1.849e+00	6.195e-01
1.855e+00	3.132e+00
1.862e+00	3.643e+00
1.868e+00	2.635e+00
1.874e+00	3.920e+00
1.880e+00	5.460e+00
1.886e+00	4.228e+00
1.892e+00	1.527e+00
1.898e+00	1.327e+00
1.904e+00	1.110e+00
1.910e+00	2.675e+00
1.917e+00	4.766e+00
1.923e+00	5.483e+00
1.929e+00	4.738e+00
1.935e+00	5.486e+00
1.941e+00	6.995e+00
1.947e+00	5.549e+00
1.953e+00	1.752e+00
1.959e+00	1.819e+00
1.965e+00	2.684e+00
1.971e+00	4.801e-01
1.978e+00	4.098e+00
1.984e+00	5.163e+00
1.990e+00	4.154e+00
1.996e+00	2.711e+00
2.002e+00	4.023e+00
2.008e+00	3.266e+00
2.014e+00	1.933e+00
2.020e+00	3.076e+00
2.026e+00	4.233e+00
2.032e+00	2.828e+00
2.039e+00	4.699e+00
2.045e+00	7.965e+00
2.051e+00	8.050e+00
2.057e+00	4.468e+00
2.063e+00	4.196e+00
2.069e+00	5.947e+00
2.075e+00	3.555e+00
2.081e+00	2.186e+00
2.087e+00	5.180e+00
2.094e+00	3.667e+00
2.100e+00	1.881e+00
2.106e+00	5.761e+00
2.112e+00	7.116e+00
2.118e+00	4.272e+00
2.124e+00	3.967e-01
2.130e+00	2.833e+00
2.136e+00	1.064e+00
2.142e+00	4.154e+00
2.148e+00	8.028e+00
2.155e+00	8.442e+00
2.161e+00	4.460e+00
2.167e+00	5.829e+00
2.173e+00	9.818e+00
2.179e+00	8.610e+00
2.185e+00	2.827e+00
2.191e+00	3.436e+00
2.197e+00	4.000e+00
2.203e+00	3.226e-01
2.209e+00	5.211e+00
2.216e+00	7.983e+00
2.222e+00	5.359e+00
2.228e+00	1.120e+00
2.234e+00	4.968e+00
2.240e+00	5.888e+00
2.246e+00	4.013e+00
2.252e+00	6.412e+00
2.258e+00	6.975e+00
2.264e+00	2.725e+00
2.271e+00	6.057e+00
2.277e+00	1.214e+01
2.283e+00	1.252e+01
2.289e+00	6.485e+00
2.295e+00	2.065e+00
2.301e+00	6.202e+00
2.307e+00	4.899e+00
2.313e+00	3.451e+00
2.319e+00	6.933e+00
2.325e+00	6.313e+00
2.332e+00	2.869e+00
2.338e+00	6.817e+00
2.344e+00	8.651e+00
2.350e+00	5.918e+00
2.356e+00	3.922e+00
2.362e+00	5.380e+00
2.368e+00	2.812e+00
2.374e+00	4.513e+00
2.380e+00	1.080e+01
2.386e+00	1.192e+01
2.393e+00	6.853e+00
2.399e+00	2.087e+00
2.405e+00	7.409e+00
2.411e+00	8.026e+00
2.417e+00	4.089e+00
2.423e+00	5.179e+00
2.429e+00	6.072e+00
2.435e+00	1.621e+00
2.441e+00	4.936e+00
2.448e+00	8.634e+00
2.454e+00	7.451e+00
2.460e+00	3.018e+00
2.466e+00	2.026e+00
2.472e+00	3.405e+00
2.478e+00	3.925e+00
2.484e+00	7.468e+00
2.490e+00	7.908e+00
2.496e+00	4.143e+00
2.502e+00	2.266e+00
2.509e+00	7.750e+00
2.515e+00	9.455e+00
2.521e+00	6.633e+00
2.527e+00	2.616e+00
2.533e+00	2.853e+00
2.539e+00	2.325e+00
2.545e+00	2.743e+00
2.551e+00	5.492e+00
2.557e+00	5.088e+00
2.563e+00	1.900e+00
2.570e+00	2.721e+00
2.576e+00	4.504e+00
2.582e+00	5.151e+00
2.588e+00	4.951e+00
2.594e+00	4.837e+00
2.600e+00	3.012e+00
2.606e+00	1.181e+00
2.612e+00	4.866e+00
2.618e+00	6.131e+00
2.625e+00	4.810e+00
2.631e+00	1.519e+00
2.637e+00	2.238e+00
2.643e+00	3.676e+00
2.649e+00	3.250e+00
2.655e+00	3.134e+00
2.661e+00	2.983e+00
2.667e+00	1.099e+00
2.673e+00	1.242e+00
2.679e+00	3.574e+00
2.686e+00	3.525e+00
2.692e+00	3.044e+00
2.698e+00	1.664e+00
2.704e+00	1.353e+00
2.710e+00	2.081e+00
2.716e+00	3.438e+00
2.722e+00	4.491e+00
2.728e+00	3.915e+00
2.734e+00	2.240e+00
2.740e+00	5.750e-01
2.747e+00	2.629e+00
2.753e+00	2.932e+00
2.759e+00	1.939e+00
2.765e+00	8.399e-01
2.771e+00	3.325e-01
2.777e+00	6.044e-01
2.783e+00	2.172e+00
2.789e+00	2.577e+00
2.795e+00	1.906e+00
2.802e+00	8.240e-01
2.808e+00	6.511e-01
2.814e+00	2.049e+00
2.820e+00	2.720e+00
2.826e+00	3.293e+00
2.832e+00	2.668e+00
2.838e+00	1.239e+00
2.844e+00	4.328e-01
2.850e+00	1.553e+00
2.856e+00	2.696e+00
2.863e+00	2.312e+00
2.869e+00	1.280e+00
2.875e+00	9.360e-02
2.881e+00	3.648e-01
2.887e+00	7.658e-01
2.893e+00	4.791e-01
2.899e+00	1.138e+00
2.905e+00	2.309e-01
2.911e+00	3.986e-01
2.917e+00	1.950e+00
2.924e+00	2.609e+00
2.930e+00	2.304e+00
2.936e+00	2.501e+00
2.942e+00	2.449e+00
2.948e+00	1.973e+00
2.954e+00	1.753e+00
2.960e+00	1.741e+00
2.966e+00	2.189e+00
2.972e+00	2.183e+00
2.979e+00	1.377e+00
2.985e+00	6.283e-01
2.991e+00	4.576e-01
2.997e+00	3.494e-01
3.003e+00	4.910e-01
3.009e+00	8.773e-01
3.015e+00	8.440e-01
3.021e+00	9.453e-01
3.027e+00	1.134e+00
3.033e+00	1.920e+00
3.040e+00	1.953e+00
3.046e+00	9.980e-01
3.052e+00	9.889e-01
3.058e+00	1.065e+00
3.064e+00	1.259e+00
3.070e+00	1.043e+00
3.076e+00	1.767e+00
3.082e+00	1.024e+00
3.088e+00	5.162e-01
3.094e+00	1.943e+00
3.101e+00	1.518e+00
3.107e+00	1.343e+00
3.113e+00	9.131e-01
3.119e+00	1.116e+00
3.125e+00	6.680e-01
3.131e+00	5.611e-01
3.137e+00	1.367e+00
3.143e+00	1.265e+00
3.149e+00	8.656e-01
3.156e+00	6.141e-01
3.162e+00	1.643e+00
3.168e+00	1.938e+00
3.174e+00	1.382e+00
3.180e+00	1.239e+00
3.186e+00	9.438e-01
3.192e+00	2.780e-01
3.198e+00	1.618e+00
3.204e+00	1.700e+00
3.210e+00	1.551e+00
3.217e+00	9.554e-01
3.223e+00	9.393e-01
3.229e+00	1.713e+00
3.235e+00	8.166e-01
3.241e+00	1.010e+00
3.247e+00	1.273e+00
3.253e+00	1.112e+00
3.259e+00	1.064e+00
3.265e+00	9.586e-01
3.271e+00	1.748e+00
3.278e+00	1.277e+00
3.284e+00	1.030e+00
3.290e+00	1.351e+00
3.296e+00	9.881e-01
3.302e+00	1.036e+00
3.308e+00	1.907e+00
3.314e+00	1.597e+00
3.320e+00	8.821e-01
3.326e+00	3.750e-01
3.333e+00	1.535e+00
3.339e+00	1.103e+00
3.345e+00	1.540e+00
3.351e+00	1.175e+00
3.357e+00	1.585e+00
3.363e+00	7.918e-01
3.369e+00	1.234e+00
3.375e+00	1.638e+00
3.381e+00	1.204e+00
3.387e+00	7.473e-01
3.394e+00	1.026e+00
3.400e+00	1.071e+00
3.406e+00	1.008e+00
3.412e+00	1.506e+00
3.418e+00	1.991e+00
3.424e+00	7.378e-01
3.430e+00	1.449e+00
3.436e+00	1.455e+00
3.442e+00	1.195e+00
3.448e+00	9.674e-01
3.455e+00	8.740e-01
3.461e+00	9.552e-01
3.467e+00	9.845e-01
3.473e+00	7.825e-01
3.479e+00	1.442e+00
3.485e+00	1.626e+00
3.491e+00	7.181e-01
3.497e+00	1.389e+00
3.503e+00	1.478e+00
3.510e+00	1.133e+00
3.516e+00	1.220e+00
3.522e+00	9.960e-01
3.528e+00	1.133e+00
3.534e+00	5.036e-01
3.540e+00	1.096e+00
3.546e+00	1.378e+00
3.552e+00	8.952e-01
3.558e+00	6.766e-01
3.564e+00	1.060e+00
3.571e+00	7.524e-01
3.577e+00	1.247e+00
3.583e+00	1.347e+00
3.589e+00	1.154e+00
3.595e+00	7.970e-01
3.601e+00	1.099e+00
3.607e+00	9.098e-01
3.613e+00	1.334e+00
3.619e+00	1.069e+00
3.625e+00	1.208e+00
3.632e+00	9.392e-01
3.638e+00	6.258e-01
3.644e+00	1.276e+00
3.650e+00	7.551e-01
3.656e+00	1.295e+00
3.662e+00	5.256e-01
3.668e+00	9.256e-01
3.674e+00	9.057e-01
3.680e+00	1.174e+00
3.687e+00	9.828e-01
3.693e+00	1.022e+00
3.699e+00	9.474e-01
3.705e+00	7.162e-01
3.711e+00	1.398e+00
3.717e+00	9.441e-01
3.723e+00	1.509e+00
3.729e+00	3.018e-01
3.735e+00	1.015e+00
3.741e+00	6.591e-01
3.748e+00	1.274e+00
3.754e+00	9.866e-01
3.760e+00	8.220e-01
3.766e+00	6.424e-01
3.772e+00	8.111e-01
3.778e+00	6.542e-01
3.784e+00	1.149e+00
3.790e+00	3.985e-01
3.796e+00	9.703e-01
3.802e+00	7.414e-01
3.809e+00	1.168e+00
3.815e+00	1.092e+00
3.821e+00	8.412e-01
3.827e+00	8.419e-01
3.833e+00	1.020e+00
3.839e+00	4.342e-01
3.845e+00	9.626e-01
3.851e+00	8.470e-01
3.857e+00	9.206e-01
3.864e+00	4.433e-01
3.870e+00	4.285e-01
3.876e+00	9.008e-01
3.882e+00	6.519e-01
3.888e+00	9.451e-01
3.894e+00	6.186e-01
3.900e+00	1.229e+00
3.906e+00	6.212e-01
3.912e+00	8.315e-01
3.918e+00	5.100e-01
3.925e+00	7.601e-01
3.931e+00	8.299e-01
3.937e+00	7.439e-01
3.943e+00	5.598e-01
3.949e+00	7.821e-01
3.955e+00	8.061e-01
3.961e+00	5.186e-01
3.967e+00	3.286e-01
3.973e+00	6.287e-01
3.979e+00	6.471e-01
3.986e+00	7.817e-01
3.992e+00	8.103e-01
3.998e+00	8.551e-01
4.004e+00	7.776e-01
4.010e+00	5.018e-01
4.016e+00	1.107e+00
4.022e+00	3.071e-01
4.028e+00	5.114e-01
4.034e+00	4.498e-01
4.041e+00	4.583e-01
4.047e+00	7.274e-01
4.053e+00	9.017e-01
4.059e+00	5.852e-01
4.065e+00	7.089e-01
4.071e+00	3.991e-01
4.077e+00	3.481e-01
4.083e+00	5.606e-01
4.089e+00	2.998e-01
4.095e+00	5.924e-01
4.102e+00	3.351e-01
4.108e+00	2.910e-01
4.114e+00	9.263e-01
4.120e+00	4.962e-01
4.126e+00	4.552e-01
4.132e+00	3.664e-01
4.138e+00	3.935e-01
4.144e+00	7.790e-01
4.150e+00	6.917e-01
4.156e+00	6.061e-01
4.163e+00	3.906e-01
4.169e+00	1.148e-01
4.175e+00	6.484e-01
4.181e+00	3.337e-01
4.187e+00	4.783e-01
4.193e+00	1.633e-01
4.199e+00	5.783e-01
4.205e+00	4.325e-01
4.211e+00	9.493e-01
4.218e+00	2.559e-01
4.224e+00	4.051e-01
4.230e+00	2.116e-01
4.236e+00	1.846e-01
4.242e+00	6.567e-01
4.248e+00	5.093e-01
4.254e+00	4.570e-01
4.260e+00	3.753e-01
4.266e+00	1.834e-01
4.272e+00	6.374e-01
4.279e+00	4.187e-01
4.285e+00	6.852e-01
4.291e+00	9.443e-02
4.297e+00	9.190e-01
4.303e+00	9.590e-02
4.309e+00	7.606e-01
4.315e+00	6.934e-02
4.321e+00	1.953e-01
4.327e+00	7.343e-01
4.333e+00	1.981e-01
4.340e+00	2.362e-01
4.346e+00	8.548e-01
4.352e+00	7.208e-01
4.358e+00	6.428e-01
4.364e+00	8.047e-01
4.370e+00	3.984e-01
4.376e+00	8.485e-01
4.382e+00	7.534e-01
4.388e+00	4.574e-01
4.395e+00	4.957e-01
4.401e+00	6.843e-01
4.407e+00	8.728e-01
4.413e+00	5.699e-01
4.419e+00	3.836e-01
4.425e+00	8.103e-01
4.431e+00	7.966e-01
4.437e+00	7.530e-01
4.443e+00	4.950e-01
4.449e+00	1.147e+00
4.456e+00	1.992e-01
4.462e+00	1.010e+00
4.468e+00	4.221e-01
4.474e+00	8.942e-01
4.480e+00	7.285e-01
4.486e+00	7.025e-01
4.492e+00	8.981e-01
4.498e+00	5.825e-01
4.504e+00	1.083e+00
4.510e+00	5.993e-01
4.517e+00	1.093e+00
4.523e+00	4.142e-01
4.529e+00	9.565e-01
4.535e+00	5.536e-01
4.541e+00	9.695e-01
4.547e+00	7.791e-01
4.553e+00	1.083e+00
4.559e+00	3.164e-01
4.565e+00	7.037e-01
4.572e+00	8.137e-01
4.578e+00	6.113e-01
4.584e+00	5.007e-01
4.590e+00	1.052e+00
4.596e+00	1.052e+00
4.602e+00	1.297e+00
4.608e+00	3.609e-01
4.614e+00	9.333e-01
4.620e+00	7.316e-01
4.626e+00	7.023e-01
4.633e+00	1.106e+00
4.639e+00	6.904e-01
4.645e+00	1.163e+00
4.651e+00	6.612e-01
4.657e+00	1.078e+00
4.663e+00	4.756e-01
4.669e+00	8.786e-01
4.675e+00	1.194e+00
4.681e+00	9.314e-01
4.688e+00	1.001e+00
4.694e+00	4.735e-01
4.700e+00	8.100e-01
4.706e+00	8.471e-01
4.712e+00	1.047e+00
4.718e+00	1.464e+00
4.724e+00	5.316e-01
4.730e+00	8.714e-01
4.736e+00	1.171e+00
4.742e+00	1.007e+00
4.749e+00	6.647e-01
4.755e+00	1.275e+00
4.761e+00	9.265e-01
4.767e+00	9.458e-01
4.773e+00	5.826e-01
4.779e+00	1.216e+00
4.785e+00	1.062e+00
4.791e+00	1.032e+00
4.797e+00	8.229e-01
4.803e+00	5.550e-01
4.810e+00	1.159e+00
4.816e+00	1.398e+00
4.822e+00	1.059e+00
4.828e+00	9.560e-01
4.834e+00	4.933e-01
4.840e+00	1.282e+00
4.846e+00	1.104e+00
4.852e+00	5.979e-01
4.858e+00	1.017e+00
4.865e+00	9.028e-01
4.871e+00	9.449e-01
4.877e+00	1.094e+00
4.883e+00	1.216e+00
4.889e+00	1.294e+00
4.895e+00	7.492e-01
4.901e+00	7.105e-01
4.907e+00	1.126e+00
4.913e+00	1.059e+00
4.919e+00	7.948e-01
4.926e+00	1.058e+00
4.932e+00	9.472e-01
4.938e+00	6.985e-01
4.944e+00	8.295e-01
4.950e+00	1.424e+00
4.956e+00	9.413e-01
4.962e+00	1.109e+00
4.968e+00	9.798e-01
4.974e+00	9.958e-01
4.980e+00	7.049e-01
4.987e+00	1.157e+00
4.993e+00	8.399e-01
4.999e+00	5.129e-01
5.005e+00	6.864e-01
5.011e+00	1.285e+00
5.017e+00	9.765e-01
5.023e+00	7.411e-01
5.029e+00	1.057e+00
5.035e+00	1.136e+00
5.042e+00	7.591e-01
5.048e+00	6.736e-01
5.054e+00	1.597e+00
5.060e+00	8.933e-01
5.066e+00	8.146e-01
5.072e+00	6.160e-01
5.078e+00	8.587e-01
5.084e+00	4.845e-01
5.090e+00	8.540e-01
5.096e+00	1.066e+00
5.103e+00	4.676e-01
5.109e+00	8.354e-01
5.115e+00	1.053e+00
5.121e+00	1.000e+00
5.127e+00	5.829e-01
5.133e+00	7.593e-01
5.139e+00	1.261e+00
5.145e+00	7.115e-01
5.151e+00	4.622e-01
5.157e+00	7.266e-01
5.164e+00	8.692e-01
5.170e+00	3.926e-01
5.176e+00	1.061e+00
5.182e+00	1.581e+00
5.188e+00	5.102e-01
5.194e+00	6.246e-01
5.200e+00	7.684e-01
5.206e+00	8.971e-01
5.212e+00	5.067e-01
5.219e+00	9.151e-01
5.225e+00	1.524e+00
5.231e+00	8.890e-01
5.237e+00	5.852e-01
5.243e+00	1.488e+00
5.249e+00	1.074e+00
5.255e+00	6.677e-01
5.261e+00	1.162e+00
5.267e+00	8.826e-01
5.273e+00	3.844e-01
5.280e+00	6.560e-01
5.286e+00	1.189e+00
5.292e+00	3.934e-01
5.298e+00	3.991e-01
5.304e+00	9.524e-01
5.310e+00	9.546e-01
5.316e+00	2.553e-01
5.322e+00	7.937e-01
5.328e+00	8.060e-01
5.334e+00	1.680e-01
5.341e+00	7.607e-01
5.347e+00	1.190e+00
5.353e+00	8.121e-01
5.359e+00	2.032e-01
5.365e+00	9.693e-01
5.371e+00	1.043e+00
5.377e+00	5.758e-01
5.383e+00	2.132e-01
5.389e+00	1.016e+00
5.396e+00	4.786e-01
5.402e+00	5.101e-02
5.408e+00	9.928e-01
5.414e+00	1.291e+00
5.420e+00	1.500e-01
5.426e+00	1.365e-01
5.432e+00	8.948e-01
5.438e+00	6.379e-01
5.444e+00	5.766e-01
5.450e+00	1.086e+00
5.457e+00	8.277e-01
5.463e+00	4.913e-01
5.469e+00	7.229e-01
5.475e+00	1.186e+00
5.481e+00	3.473e-01
5.487e+00	1.529e-01
5.493e+00	8.415e-01
5.499e+00	5.384e-01
5.505e+00	4.288e-01
5.511e+00	9.164e-01
5.518e+00	1.308e+00
5.524e+00	5.530e-01
5.530e+00	4.064e-01
5.536e+00	9.134e-01
5.542e+00	4.396e-01
5.548e+00	3.548e-02
5.554e+00	8.490e-01
5.560e+00	8.021e-01
5.566e+00	1.741e-01
5.573e+00	7.308e-01
5.579e+00	1.363e+00
5.585e+00	6.506e-01
5.591e+00	3.965e-01
5.597e+00	7.738e-01
5.603e+00	6.173e-01
5.609e+00	1.259e-01
5.615e+00	7.775e-01
5.621e+00	1.102e+00
5.627e+00	7.433e-01
5.634e+00	7.832e-01
5.640e+00	1.091e+00
5.646e+00	6.017e-01
5.652e+00	1.670e-01
5.658e+00	1.009e+00
5.664e+00	1.045e+00
5.670e+00	5.516e-01
5.676e+00	3.544e-01
5.682e+00	7.238e-01
5.688e+00	3.072e-01
5.695e+00	4.612e-01
5.701e+00	1.177e+00
5.707e+00	7.933e-01
5.713e+00	2.792e-01
5.719e+00	3.880e-01
5.725e+00	1.089e+00
5.731e+00	4.994e-01
5.737e+00	3.461e-01
5.743e+00	8.107e-01
5.750e+00	1.065e+00
5.756e+00	3.622e-01
5.762e+00	3.770e-01
5.768e+00	6.847e-01
5.774e+00	3.741e-01
5.780e+00	2.424e-01
5.786e+00	7.164e-01
5.792e+00	6.224e-01
5.798e+00	2.631e-01
5.804e+00	1.113e+00
5.811e+00	1.309e+00
5.817e+00	8.509e-01
5.823e+00	2.926e-01
5.829e+00	7.169e-01
5.835e+00	4.624e-01
5.841e+00	4.676e-01
5.847e+00	8.619e-01
5.853e+00	8.116e-01
5.859e+00	5.197e-01
5.865e+00	8.041e-01
5.872e+00	1.021e+00
5.878e+00	5.000e-01
5.884e+00	4.443e-01
5.890e+00	1.044e+00
5.896e+00	5.984e-01
5.902e+00	5.305e-01
5.908e+00	6.396e-01
5.914e+00	9.763e-01
5.920e+00	7.188e-01
5.927e+00	5.973e-01
5.933e+00	6.731e-01
5.939e+00	1.055e+00
5.945e+00	7.148e-01
5.951e+00	6.390e-01
5.957e+00	1.023e+00
5.963e+00	9.667e-01
5.969e+00	2.827e-01
5.975e+00	4.041e-01
5.981e+00	8.432e-01
5.988e+00	7.372e-01
5.994e+00	9.840e-01
6.000e+00	1.115e+00
6.006e+00	5.311e-01
6.012e+00	4.664e-01
6.018e+00	1.192e+00
6.024e+00	1.340e+00
6.030e+00	6.321e-01
6.036e+00	5.653e-01
6.042e+00	9.383e-01
6.049e+00	3.757e-01
6.055e+00	6.110e-01
6.061e+00	9.865e-01
6.067e+00	8.413e-01
6.073e+00	5.446e-01
6.079e+00	6.782e-01
6.085e+00	9.040e-01
6.091e+00	3.584e-01
6.097e+00	2.054e-01
6.104e+00	8.167e-01
6.110e+00	9.386e-01
6.116e+00	3.089e-01
6.122e+00	8.667e-01
6.128e+00	1.037e+00
6.134e+00	5.064e-01
6.140e+00	4.608e-01
6.146e+00	9.535e-01
6.152e+00	8.926e-01
6.158e+00	3.861e-01
6.165e+00	7.314e-01
6.171e+00	7.050e-01
6.177e+00	6.884e-01
6.183e+00	3.987e-01
6.189e+00	5.721e-01
6.195e+00	2.989e-01
6.201e+00	4.741e-01
6.207e+00	7.925e-01
6.213e+00	1.081e+00
6.219e+00	7.186e-01
6.226e+00	2.251e-01
6.232e+00	5.543e-01
6.238e+00	6.929e-01
6.244e+00	7.211e-01
6.250e+00	1.004e+00
6.256e+00	1.131e+00
6.262e+00	6.730e-01
6.268e+00	3.973e-01
6.274e+00	7.800e-01
6.281e+00	7.070e-01
6.287e+00	2.863e-01
6.293e+00	3.718e-01
6.299e+00	4.827e-01
6.305e+00	4.232e-01
6.311e+00	5.074e-01
6.317e+00	5.128e-01
6.323e+00	4.244e-01
6.329e+00	2.231e-01
6.335e+00	6.210e-01
6.342e+00	8.354e-01
6.348e+00	3.564e-01
6.354e+00	5.752e-01
6.360e+00	8.627e-01
6.366e+00	6.929e-01
6.372e+00	1.049e-01
6.378e+00	3.355e-01
6.384e+00	7.894e-01
6.390e+00	4.293e-01
6.396e+00	3.546e-01
6.403e+00	6.194e-01
6.409e+00	7.186e-01
6.415e+00	7.398e-01
6.421e+00	9.915e-01
6.427e+00	1.033e+00
6.433e+00	5.220e-01
6.439e+00	6.573e-01
6.445e+00	5.480e-01
6.451e+00	4.959e-01
6.458e+00	5.729e-02
6.464e+00	5.787e-01
6.470e+00	6.165e-01
6.476e+00	4.003e-01
6.482e+00	3.706e-01
6.488e+00	5.318e-01
6.494e+00	4.843e-01
6.500e+00	3.147e-01
6.506e+00	5.236e-01
6.512e+00	4.751e-01
6.519e+00	1.198e-01
6.525e+00	3.390e-01
6.531e+00	4.474e-01
6.537e+00	4.582e-01
6.543e+00	5.528e-01
6.549e+00	2.588e-01
6.555e+00	7.240e-01
6.561e+00	2.751e-01
6.567e+00	3.869e-01
6.573e+00	4.918e-01
6.580e+00	3.607e-01
6.586e+00	4.079e-01
6.592e+00	2.884e-01
6.598e+00	6.400e-01
6.604e+00	8.124e-01
6.610e+00	8.135e-01
6.616e+00	3.620e-01
6.622e+00	2.463e-01
6.628e+00	3.601e-01
6.635e+00	4.763e-01
6.641e+00	4.090e-01
6.647e+00	4.047e-01
6.653e+00	8.475e-01
6.659e+00	8.668e-01
6.665e+00	6.337e-01
6.671e+00	3.164e-01
6.677e+00	2.790e-01
6.683e+00	3.012e-01
6.689e+00	1.538e-01
6.696e+00	6.301e-01
6.702e+00	3.586e-01
6.708e+00	7.008e-01
6.714e+00	5.756e-01
6.720e+00	5.586e-01
6.726e+00	1.759e-01
6.732e+00	3.736e-01
6.738e+00	7.926e-01
6.744e+00	8.882e-01
6.750e+00	4.275e-01
6.757e+00	3.738e-01
6.763e+00	4.364e-01
6.769e+00	6.155e-01
6.775e+00	3.650e-01
6.781e+00	3.130e-01
6.787e+00	2.984e-01
6.793e+00	2.931e-01
6.799e+00	1.133e-01
6.805e+00	4.455e-01
6.812e+00	6.493e-01
6.818e+00	3.641e-01
6.824e+00	4.530e-01
6.830e+00	8.047e-01
6.836e+00	4.280e-01
6.842e+00	1.373e-01
6.848e+00	6.724e-02
6.854e+00	1.247e-01
6.860e+00	4.509e-01
6.866e+00	3.883e-01
6.873e+00	5.403e-01
6.879e+00	3.436e-01
6.885e+00	2.982e-01
6.891e+00	2.045e-01
6.897e+00	2.014e-01
6.903e+00	3.323e-01
6.909e+00	3.295e-01
6.915e+00	6.118e-01
6.921e+00	1.045e-01
6.927e+00	1.435e-01
6.934e+00	3.905e-01
6.940e+00	5.780e-01
6.946e+00	4.766e-01
6.952e+00	3.840e-01
6.958e+00	4.997e-01
6.964e+00	3.486e-01
6.970e+00	1.190e-01
6.976e+00	2.021e-01
6.982e+00	4.199e-01
6.989e+00	1.270e-01
6.995e+00	3.040e-01
7.001e+00	8.971e-01
7.007e+00	6.833e-01
7.013e+00	1.960e-01
7.019e+00	3.024e-01
7.025e+00	3.554e-01
7.031e+00	1.997e-01
7.037e+00	4.163e-01
7.043e+00	6.858e-01
7.050e+00	1.553e-01
7.056e+00	1.719e-01
7.062e+00	6.618e-01
7.068e+00	3.378e-01
7.074e+00	3.459e-01
7.080e+00	5.426e-01
7.086e+00	5.446e-01
7.092e+00	2.344e-01
7.098e+00	1.621e-01
7.104e+00	8.769e-01
7.111e+00	5.812e-01
7.117e+00	3.396e-01
7.123e+00	4.300e-01
7.129e+00	6.323e-02
7.135e+00	2.368e-01
7.141e+00	3.152e-01
7.147e+00	4.122e-01
7.153e+00	2.879e-01
7.159e+00	5.018e-01
7.166e+00	7.996e-01
7.172e+00	1.729e-01
7.178e+00	8.062e-01
7.184e+00	2.736e-01
7.190e+00	1.987e-01
7.196e+00	4.717e-01
7.202e+00	4.173e-01
7.208e+00	5.677e-01
7.214e+00	3.605e-01
7.220e+00	3.549e-01
7.227e+00	4.985e-01
7.233e+00	1.490e-01
7.239e+00	4.193e-01
7.245e+00	1.963e-01
7.251e+00	2.399e-01
7.257e+00	6.992e-01
7.263e+00	4.481e-01
7.269e+00	1.988e-01
7.275e+00	1.938e-01
7.281e+00	1.183e-01
7.288e+00	2.974e-01
7.294e+00	1.633e-01
7.300e+00	1.679e-01
7.306e+00	3.959e-01
7.312e+00	4.646e-01
7.318e+00	1.635e-01
7.324e+00	2.784e-01
7.330e+00	2.728e-01
7.336e+00	3.850e-01
7.343e+00	7.794e-02
7.349e+00	3.335e-01
7.355e+00	8.904e-02
7.361e+00	3.289e-01
7.367e+00	4.457e-01
7.373e+00	1.740e-01
7.379e+00	3.201e-01
7.385e+00	1.215e-01
7.391e+00	1.329e-01
7.397e+00	3.806e-01
7.404e+00	3.090e-01
7.410e+00	3.403e-01
7.416e+00	3.452e-01
7.422e+00	5.246e-01
7.428e+00	3.286e-01
7.434e+00	4.162e-01
7.440e+00	3.248e-01
7.446e+00	2.792e-01
7.452e+00	3.050e-01
7.458e+00	1.433e-01
7.465e+00	3.496e-01
7.471e+00	2.940e-01
7.477e+00	3.120e-01
7.483e+00	1.691e-01
7.489e+00	2.555e-01
7.495e+00	2.855e-01
7.501e+00	7.170e-01
7.507e+00	4.822e-01
7.513e+00	2.810e-01
7.520e+00	2.996e-01
7.526e+00	4.251e-01
7.532e+00	3.286e-01
7.538e+00	2.775e-01
7.544e+00	5.441e-01
7.550e+00	3.772e-01
7.556e+00	1.403e-01
7.562e+00	5.198e-01
7.568e+00	3.282e-01
7.574e+00	6.907e-01
7.581e+00	4.761e-01
7.587e+00	1.758e-01
7.593e+00	2.832e-01
7.599e+00	3.237e-01
7.605e+00	2.656e-01
7.611e+00	2.676e-01
7.617e+00	6.843e-01
7.623e+00	6.131e-02
7.629e+00	4.015e-01
7.635e+00	5.038e-01
7.642e+00	6.767e-01
7.648e+00	4.757e-01
7.654e+00	2.283e-01
7.660e+00	4.209e-01
7.666e+00	1.154e-01
7.672e+00	3.814e-01
7.678e+00	7.864e-01
7.684e+00	1.778e-01
7.690e+00	2.315e-01
7.697e+00	5.857e-01
7.703e+00	8.196e-01
7.709e+00	2.102e-01
7.715e+00	2.354e-01
7.721e+00	3.456e-01
7.727e+00	7.507e-01
7.733e+00	1.053e-01
7.739e+00	3.940e-01
7.745e+00	4.052e-01
7.751e+00	3.281e-01
7.758e+00	5.384e-01
7.764e+00	4.873e-01
7.770e+00	6.928e-01
7.776e+00	3.734e-01
7.782e+00	2.752e-01
7.788e+00	6.154e-01
7.794e+00	2.769e-01
7.800e+00	7.424e-01
7.806e+00	7.707e-01
7.813e+00	2.097e-01
7.819e+00	1.829e-01
7.825e+00	5.122e-01
7.831e+00	4.431e-01
7.837e+00	4.157e-01
7.843e+00	4.311e-01
7.849e+00	1.822e-01
7.855e+00	2.748e-01
7.861e+00	4.589e-01
7.867e+00	6.540e-01
7.874e+00	6.510e-01
7.880e+00	6.065e-01
7.886e+00	2.481e-01
7.892e+00	1.623e-01
7.898e+00	4.917e-01
7.904e+00	3.315e-01
7.910e+00	7.052e-01
7.916e+00	2.810e-01
7.922e+00	3.208e-01
7.928e+00	3.615e-01
7.935e+00	5.450e-01
7.941e+00	6.406e-01
7.947e+00	6.933e-02
7.953e+00	5.540e-01
7.959e+00	3.982e-01
7.965e+00	2.476e-01
7.971e+00	5.888e-01
7.977e+00	6.994e-01
7.983e+00	1.569e-01
7.990e+00	4.322e-01
7.996e+00	5.201e-01
8.002e+00	7.140e-01
8.008e+00	4.897e-01
8.014e+00	2.250e-01
8.020e+00	3.963e-01
8.026e+00	4.780e-01
8.032e+00	2.038e-01
8.038e+00	5.859e-01
8.044e+00	4.402e-01
8.051e+00	3.082e-01
8.057e+00	4.001e-01
8.063e+00	5.459e-01
8.069e+00	3.568e-01
8.075e+00	2.501e-01
8.081e+00	3.814e-01
8.087e+00	5.964e-01
8.093e+00	2.671e-01
8.099e+00	4.689e-01
8.105e+00	6.822e-01
8.112e+00	6.451e-02
8.118e+00	4.793e-01
8.124e+00	4.791e-01
8.130e+00	5.872e-01
8.136e+00	4.331e-01
8.142e+00	3.031e-01
8.148e+00	1.689e-01
8.154e+00	2.537e-01
8.160e+00	4.154e-01
8.167e+00	6.244e-01
8.173e+00	3.087e-01
8.179e+00	2.937e-01
8.185e+00	4.082e-01
8.191e+00	3.471e-01
8.197e+00	3.437e-01
8.203e+00	3.060e-01
8.209e+00	2.475e-01
8.215e+00	5.572e-01
8.221e+00	9.730e-02
8.228e+00	7.810e-01
8.234e+00	4.911e-01
8.240e+00	1.851e-01
8.246e+00	4.120e-01
8.252e+00	3.565e-01
8.258e+00	5.033e-01
8.264e+00	3.113e-01
8.270e+00	4.810e-01
8.276e+00	2.362e-01
8.282e+00	2.381e-01
8.289e+00	4.075e-01
8.295e+00	2.879e-01
8.301e+00	4.449e-01
8.307e+00	2.346e-01
8.313e+00	3.547e-01
8.319e+00	4.031e-01
8.325e+00	2.380e-01
8.331e+00	2.895e-01
8.337e+00	2.494e-01
8.344e+00	3.011e-01
8.350e+00	1.816e-01
8.356e+00	4.095e-01
8.362e+00	6.128e-01
8.368e+00	2.148e-01
8.374e+00	4.900e-01
8.380e+00	5.278e-01
8.386e+00	2.722e-01
8.392e+00	9.459e-02
8.398e+00	3.075e-01
8.405e+00	2.670e-01
8.411e+00	2.052e-01
8.417e+00	3.035e-01
8.423e+00	4.348e-01
8.429e+00	1.523e-01
8.435e+00	4.756e-01
8.441e+00	2.703e-01
8.447e+00	3.858e-01
8.453e+00	2.479e-01
8.459e+00	6.477e-01
8.466e+00	5.435e-01
8.472e+00	1.158e-01
8.478e+00	2.821e-01
8.484e+00	1.675e-01
8.490e+00	2.361e-01
8.496e+00	2.258e-01
8.502e+00	1.784e-01
8.508e+00	3.068e-01
8.514e+00	1.868e-01
8.521e+00	5.572e-01
8.527e+00	4.978e-01
8.533e+00	1.341e-01
8.539e+00	2.452e-01
8.545e+00	4.372e-01
8.551e+00	6.088e-01
8.557e+00	8.969e-02
8.563e+00	5.137e-01
8.569e+00	2.011e-01
8.575e+00	3.391e-01
8.582e+00	4.466e-02
8.588e+00	3.763e-01
8.594e+00	2.562e-01
8.600e+00	5.965e-01
8.606e+00	3.630e-01
8.612e+00	2.073e-01
8.618e+00	1.376e-01
8.624e+00	2.022e-01
8.630e+00	4.318e-01
8.636e+00	1.580e-01
8.643e+00	3.898e-01
8.649e+00	3.618e-01
8.655e+00	4.041e-01
8.661e+00	2.817e-01
8.667e+00	2.816e-01
8.673e+00	2.483e-01
8.679e+00	1.500e-01
8.685e+00	3.583e-01
8.691e+00	4.658e-01
8.698e+00	2.446e-01
8.704e+00	2.345e-01
8.710e+00	5.133e-01
8.716e+00	5.100e-01
8.722e+00	5.038e-01
8.728e+00	1.825e-01
8.734e+00	4.890e-01
8.740e+00	2.286e-01
8.746e+00	2.833e-01
8.752e+00	2.981e-01
8.759e+00	4.369e-01
8.765e+00	1.894e-01
8.771e+00	3.933e-01
8.777e+00	2.413e-01
8.783e+00	2.308e-01
8.789e+00	5.320e-01
8.795e+00	5.154e-01
8.801e+00	2.112e-01
8.807e+00	2.356e-01
8.813e+00	6.519e-01
8.820e+00	4.727e-01
8.826e+00	4.646e-01
8.832e+00	2.665e-01
8.838e+00	4.681e-01
8.844e+00	3.333e-01
8.850e+00	5.675e-01
8.856e+00	3.874e-01
8.862e+00	3.640e-01
8.868e+00	9.443e-02
8.875e+00	6.621e-01
8.881e+00	5.535e-01
8.887e+00	2.275e-01
8.893e+00	4.266e-01
8.899e+00	4.503e-01
8.905e+00	4.674e-01
8.911e+00	4.412e-01
8.917e+00	1.039e-01
8.923e+00	3.840e-01
8.929e+00	4.788e-01
8.936e+00	2.325e-01
8.942e+00	5.276e-01
8.948e+00	3.243e-01
8.954e+00	3.785e-01
8.960e+00	1.345e-01
8.966e+00	4.718e-01
8.972e+00	4.702e-01
8.978e+00	3.841e-01
8.984e+00	3.227e-01
8.990e+00	3.318e-01
8.997e+00	5.460e-01
9.003e+00	5.352e-01
9.009e+00	5.570e-01
9.015e+00	2.098e-01
9.021e+00	5.930e-01
9.027e+00	4.995e-01
9.033e+00	5.715e-01
9.039e+00	1.898e-01
9.045e+00	3.900e-01
9.052e+00	4.268e-01
9.058e+00	3.001e-01
9.064e+00	7.485e-01
9.070e+00	3.682e-01
9.076e+00	3.270e-01
9.082e+00	3.741e-01
9.088e+00	4.503e-01
9.094e+00	2.211e-01
9.100e+00	3.862e-01
9.106e+00	5.461e-01
9.113e+00	4.302e-01
9.119e+00	3.825e-01
9.125e+00	5.438e-01
9.131e+00	3.483e-01
9.137e+00	4.815e-01
9.143e+00	3.877e-01
9.149e+00	2.420e-01
9.155e+00	5.188e-01
9.161e+00	3.700e-01
9.167e+00	3.127e-01
9.174e+00	2.189e-01
9.180e+00	3.845e-01
9.186e+00	3.212e-01
9.192e+00	4.614e-01
9.198e+00	2.314e-01
9.204e+00	4.686e-01
9.210e+00	5.359e-01
9.216e+00	3.060e-01
9.222e+00	2.765e-01
9.229e+00	2.792e-01
9.235e+00	3.680e-01
9.241e+00	3.971e-01
9.247e+00	2.989e-01
9.253e+00	4.646e-01
9.259e+00	6.152e-01
9.265e+00	1.542e-01
9.271e+00	2.477e-01
9.277e+00	7.013e-01
9.283e+00	3.624e-01
9.290e+00	3.771e-01
9.296e+00	1.883e-01
9.302e+00	7.204e-01
9.308e+00	2.765e-01
9.314e+00	1.588e-01
9.320e+00	3.892e-01
9.326e+00	2.170e-01
9.332e+00	3.879e-01
9.338e+00	5.173e-01
9.344e+00	4.537e-01
9.351e+00	1.692e-01
9.357e+00	3.864e-01
9.363e+00	5.597e-01
9.369e+00	4.233e-01
9.375e+00	1.275e-01
9.381e+00	3.065e-01
9.387e+00	4.754e-01
9.393e+00	1.465e-01
9.399e+00	4.292e-01
9.406e+00	5.517e-01
9.412e+00	3.616e-01
9.418e+00	2.299e-01
9.424e+00	4.890e-01
9.430e+00	4.110e-01
9.436e+00	1.809e-01
9.442e+00	2.384e-01
9.448e+00	3.167e-01
9.454e+00	1.214e-01
9.460e+00	2.407e-01
9.467e+00	5.850e-01
9.473e+00	2.505e-01
9.479e+00	4.009e-01
9.485e+00	3.601e-01
9.491e+00	5.397e-01
9.497e+00	2.338e-01
9.503e+00	2.394e-01
9.509e+00	4.078e-01
9.515e+00	2.297e-01
9.521e+00	1.316e-01
9.528e+00	5.156e-01
9.534e+00	4.395e-01
9.540e+00	1.101e-01
9.546e+00	2.709e-01
9.552e+00	7.723e-02
9.558e+00	2.332e-01
9.564e+00	4.583e-01
9.570e+00	4.787e-01
9.576e+00	1.811e-01
9.583e+00	2.389e-01
9.589e+00	4.783e-01
9.595e+00	5.953e-01
9.601e+00	3.269e-01
9.607e+00	1.570e-01
9.613e+00	3.135e-01
9.619e+00	1.250e-01
9.625e+00	3.535e-01
9.631e+00	3.933e-01
9.637e+00	4.499e-01
9.644e+00	8.152e-02
9.650e+00	4.186e-01
9.656e+00	2.567e-01
9.662e+00	3.445e-01
9.668e+00	3.144e-01
9.674e+00	1.015e-01
9.680e+00	2.290e-01
9.686e+00	2.423e-01
9.692e+00	4.178e-01
9.698e+00	2.224e-01
9.705e+00	1.378e-01
9.711e+00	1.804e-01
9.717e+00	3.483e-01
9.723e+00	2.794e-01
9.729e+00	2.947e-01
9.735e+00	4.434e-01
9.741e+00	4.683e-01
9.747e+00	1.511e-01
9.753e+00	3.732e-01
9.760e+00	3.912e-01
9.766e+00	1.590e-01
9.772e+00	1.905e-01
9.778e+00	1.186e-01
9.784e+00	1.984e-01
9.790e+00	1.857e-01
9.796e+00	4.210e-01
9.802e+00	4.668e-01
9.808e+00	3.701e-01
9.814e+00	5.752e-01
9.821e+00	2.712e-01
9.827e+00	2.961e-01
9.833e+00	2.364e-01
9.839e+00	2.633e-01
9.845e+00	2.217e-01
9.851e+00	2.657e-01
9.857e+00	1.176e-01
9.863e+00	3.875e-01
9.869e+00	1.467e-01
9.875e+00	2.444e-01
9.882e+00	1.590e-01
9.888e+00	3.954e-01
9.894e+00	3.443e-01
9.900e+00	5.505e-02
9.906e+00	3.914e-01
9.912e+00	3.335e-01
9.918e+00	1.328e-01
9.924e+00	1.935e-01
9.930e+00	7.278e-02
9.937e+00	1.139e-01
9.943e+00	4.414e-01
9.949e+00	1.840e-01
9.955e+00	4.870e-01
9.961e+00	5.845e-01
9.967e+00	2.295e-01
9.973e+00	2.807e-01
9.979e+00	2.140e-01
9.985e+00	2.679e-01
9.991e+00	3.875e-01
9.998e+00	2.334e-01
1.000e+01	1.285e-01
1.001e+01	2.585e-01
1.002e+01	2.921e-01
1.002e+01	1.798e-01
1.003e+01	3.111e-01
1.003e+01	2.684e-01
1.004e+01	1.284e-01
1.005e+01	4.016e-01
1.005e+01	1.185e-01
1.006e+01	1.941e-01
1.006e+01	5.112e-01
1.007e+01	4.290e-01
1.008e+01	1.714e-01
1.008e+01	1.236e-01
1.009e+01	3.937e-01
1.010e+01	2.548e-01
1.010e+01	2.457e-01
1.011e+01	2.187e-01
1.011e+01	1.437e-01
1.012e+01	3.203e-01
1.013e+01	1.183e-01
1.013e+01	3.712e-01
1.014e+01	2.301e-01
1.014e+01	4.520e-02
1.015e+01	3.063e-01
1.016e+01	3.486e-01
1.016e+01	3.422e-01
1.017e+01	6.902e-02
1.017e+01	1.975e-01
1.018e+01	1.826e-01
1.019e+01	2.081e-01
1.019e+01	3.135e-01
1.020e+01	3.122e-01
1.021e+01	2.471e-01
1.021e+01	1.420e-01
1.022e+01	3.070e-01
1.022e+01	3.310e-01
1.023e+01	5.364e-02
1.024e+01	2.766e-01
1.024e+01	7.689e-02
1.025e+01	3.378e-01
1.025e+01	3.766e-01
1.026e+01	5.099e-01
1.027e+01	3.399e-01
1.027e+01	3.469e-01
1.028e+01	2.620e-01
1.028e+01	9.779e-02
1.029e+01	2.811e-01
1.030e+01	2.120e-01
1.030e+01	3.568e-01
1.031e+01	2.365e-01
1.031e+01	1.926e-01
1.032e+01	1.407e-01
1.033e+01	1.608e-01
1.033e+01	3.625e-02
1.034e+01	4.581e-01
1.035e+01	5.099e-01
1.035e+01	7.312e-02
1.036e+01	5.052e-02
1.036e+01	4.224e-01
1.037e+01	3.088e-01
1.038e+01	4.045e-02
1.038e+01	3.656e-01
1.039e+01	2.469e-01
1.039e+01	3.715e-01
1.040e+01	9.591e-02
1.041e+01	4.629e-01
1.041e+01	2.673e-01
1.042e+01	7.897e-02
1.042e+01	4.429e-01
1.043e+01	3.456e-01
1.044e+01	3.462e-01
1.044e+01	2.858e-01
1.045e+01	4.223e-01
1.046e+01	2.316e-01
1.046e+01	2.086e-01
1.047e+01	1.624e-01
1.047e+01	2.921e-01
1.048e+01	1.557e-01
1.049e+01	4.818e-01
1.049e+01	2.246e-01
1.050e+01	2.408e-01
1.050e+01	2.877e-01
1.051e+01	4.802e-01
1.052e+01	2.888e-01
1.052e+01	1.675e-01
1.053e+01	1.480e-01
1.053e+01	3.673e-01
1.054e+01	3.723e-02
1.055e+01	2.368e-01
1.055e+01	4.142e-01
1.056e+01	2.171e-01
1.057e+01	4.728e-01
1.057e+01	5.436e-01
1.058e+01	1.498e-01
1.058e+01	3.235e-01
1.059e+01	2.929e-01
1.060e+01	1.716e-01
1.060e+01	3.583e-01
1.061e+01	1.270e-01
1.061e+01	2.905e-01
1.062e+01	2.504e-01
1.063e+01	4.215e-01
1.063e+01	1.581e-01
1.064e+01	1.780e-01
1.064e+01	2.911e-01
1.065e+01	4.550e-01
1.066e+01	6.005e-01
1.066e+01	1.834e-01
1.067e+01	3.026e-01
1.068e+01	1.841e-01
1.068e+01	4.518e-01
1.069e+01	2.320e-01
1.069e+01	5.708e-01
1.070e+01	6.381e-01
1.071e+01	1.995e-01
1.071e+01	1.732e-01
1.072e+01	2.845e-01
1.072e+01	5.383e-01
1.073e+01	1.859e-01
1.074e+01	3.346e-01
1.074e+01	3.699e-01
1.075e+01	2.707e-01
1.075e+01	3.605e-01
1.076e+01	4.467e-01
1.077e+01	3.165e-01
1.077e+01	1.043e-01
1.078e+01	4.833e-01
1.078e+01	4.557e-01
1.079e+01	3.597e-01
1.080e+01	3.053e-01
1.080e+01	3.331e-01
1.081e+01	3.187e-01
1.082e+01	2.410e-01
1.082e+01	2.342e-01
1.083e+01	1.818e-01
1.083e+01	1.570e-01
1.084e+01	4.262e-01
1.085e+01	6.227e-01
1.085e+01	1.282e-01
1.086e+01	2.695e-01
1.086e+01	3.716e-01
1.087e+01	5.152e-01
1.088e+01	2.949e-01
1.088e+01	2.058e-01
1.089e+01	3.900e-01
1.089e+01	1.305e-01
1.090e+01	4.141e-01
1.091e+01	4.446e-01
1.091e+01	2.205e-01
1.092e+01	4.003e-01
1.093e+01	1.722e-01
1.093e+01	3.002e-01
1.094e+01	2.764e-01
1.094e+01	3.214e-01
1.095e+01	5.384e-01
1.096e+01	1.716e-01
1.096e+01	2.620e-01
1.097e+01	2.461e-01
1.097e+01	2.955e-01
1.098e+01	3.788e-01
1.099e+01	3.843e-01
1.099e+01	3.052e-01
1.100e+01	3.046e-01
1.100e+01	3.162e-01
1.101e+01	4.496e-01
1.102e+01	3.656e-01
1.102e+01	2.192e-01
1.103e+01	3.405e-01
1.104e+01	3.251e-01
1.104e+01	3.270e-01
1.105e+01	2.726e-01
1.105e+01	3.394e-01
1.106e+01	5.030e-01
1.107e+01	2.759e-01
1.107e+01	2.198e-01
1.108e+01	5.323e-01
1.108e+01	3.715e-02
1.109e+01	4.887e-01
1.110e+01	3.920e-01
1.110e+01	4.150e-01
1.111e+01	2.108e-01
1.111e+01	3.373e-01
1.112e+01	2.929e-01
1.113e+01	2.067e-01
1.113e+01	4.043e-01
1.114e+01	2.454e-01
1.115e+01	2.290e-01
1.115e+01	1.605e-01
1.116e+01	4.410e-01
1.116e+01	2.336e-01
1.117e+01	3.257e-01
1.118e+01	6.698e-02
1.118e+01	6.269e-01
1.119e+01	4.129e-01
1.119e+01	1.224e-01
1.120e+01	1.938e-01
1.121e+01	1.694e-01
1.121e+01	3.763e-01
1.122e+01	5.202e-01
1.122e+01	3.120e-01
1.123e+01	6.418e-02
1.124e+01	3.146e-01
1.124e+01	4.459e-01
1.125e+01	4.024e-01
1.125e+01	2.584e-01
1.126e+01	2.767e-01
1.127e+01	6.552e-02
1.127e+01	1.677e-01
1.128e+01	2.446e-01
1.129e+01	2.677e-01
1.129e+01	2.234e-01
1.130e+01	1.214e-01
1.130e+01	1.961e-01
1.131e+01	3.693e-01
1.132e+01	3.471e-01
1.132e+01	2.332e-01
1.133e+01	1.861e-01
1.133e+01	2.978e-01
1.134e+01	2.118e-01
1.135e+01	2.941e-01
1.135e+01	2.141e-01
1.136e+01	1.726e-01
1.136e+01	9.889e-02
1.137e+01	2.089e-01
1.138e+01	1.696e-01
1.138e+01	2.984e-01
1.139e+01	4.347e-01
1.140e+01	2.635e-01
1.140e+01	3.584e-01
1.141e+01	3.412e-01
1.141e+01	1.976e-01
1.142e+01	2.752e-01
1.143e+01	2.127e-01
1.143e+01	2.858e-01
1.144e+01	2.375e-01
1.144e+01	6.763e-02
1.145e+01	2.288e-01
1.146e+01	1.587e-01
1.146e+01	2.994e-01
1.147e+01	1.535e-01
1.147e+01	1.880e-01
1.148e+01	2.453e-01
1.149e+01	1.201e-01
1.149e+01	3.441e-01
1.150e+01	2.281e-01
1.151e+01	1.306e-01
1.151e+01	2.773e-01
1.152e+01	1.701e-01
1.152e+01	1.708e-01
1.153e+01	7.644e-02
1.154e+01	3.778e-01
1.154e+01	2.534e-01
1.155e+01	1.004e-01
1.155e+01	3.315e-01
1.156e+01	2.997e-01
1.157e+01	3.273e-02
1.157e+01	1.830e-01
1.158e+01	2.375e-01
1.158e+01	2.401e-01
1.159e+01	1.613e-01
1.160e+01	2.173e-01
1.160e+01	1.345e-01
1.161e+01	7.213e-02
1.161e+01	2.385e-01
1.162e+01	1.790e-01
1.163e+01	2.301e-01
1.163e+01	1.576e-01
1.164e+01	2.203e-01
1.165e+01	2.709e-01
1.165e+01	1.984e-01
1.166e+01	1.356e-01
1.166e+01	1.734e-01
1.167e+01	2.568e-01
1.168e+01	9.500e-02
1.168e+01	2.939e-01
1.169e+01	3.767e-01
1.169e+01	2.081e-02
1.170e+01	1.792e-01
1.171e+01	1.190e-01
1.171e+01	4.450e-02
1.172e+01	1.620e-01
1.172e+01	9.798e-02
1.173e+01	3.802e-01
1.174e+01	2.572e-01
1.174e+01	1.442e-01
1.175e+01	1.320e-01
1.176e+01	4.764e-02
1.176e+01	1.703e-01
1.177e+01	3.328e-01
1.177e+01	2.521e-01
1.178e+01	1.479e-01
1.179e+01	1.829e-01
1.179e+01	3.317e-01
1.180e+01	1.986e-01
1.180e+01	1.119e-01
1.181e+01	1.199e-02
1.182e+01	2.562e-01
1.182e+01	1.800e-01
1.183e+01	5.151e-02
1.183e+01	1.944e-01
1.184e+01	1.462e-01
1.185e+01	2.151e-01
1.185e+01	1.816e-01
1.186e+01	8.435e-02
1.187e+01	1.820e-01
1.187e+01	1.720e-01
1.188e+01	1.272e-01
1.188e+01	1.872e-01
1.189e+01	1.057e-01
1.190e+01	9.744e-02
1.190e+01	1.150e-01
1.191e+01	1.308e-01
1.191e+01	2.960e-01
1.192e+01	2.361e-01
1.193e+01	2.636e-02
1.193e+01	1.923e-02
1.194e+01	8.119e-02
1.194e+01	1.075e-01
1.195e+01	9.676e-02
1.196e+01	1.768e-01
1.196e+01	1.116e-01
1.197e+01	2.774e-01
1.198e+01	2.041e-01
1.198e+01	1.051e-01
1.199e+01	8.955e-02
1.199e+01	8.441e-02
1.200e+01	1.301e-01
1.201e+01	6.763e-02
1.201e+01	1.446e-01
1.202e+01	1.850e-01
1.202e+01	6.322e-02
1.203e+01	7.874e-02
1.204e+01	2.444e-01
1.204e+01	2.255e-01
1.205e+01	4.834e-02
1.205e+01	4.375e-02
1.206e+01	9.944e-02
1.207e+01	1.562e-01
1.207e+01	1.314e-01
1.208e+01	1.250e-01
1.208e+01	2.209e-01
1.209e+01	2.966e-01
1.210e+01	1.130e-01
1.210e+01	3.896e-02
1.211e+01	1.560e-01
1.212e+01	3.075e-02
1.212e+01	1.790e-01
1.213e+01	1.096e-01
1.213e+01	1.387e-01
1.214e+01	1.581e-01
1.215e+01	1.771e-01
1.215e+01	3.387e-01
1.216e+01	2.350e-01
1.216e+01	7.523e-02
1.217e+01	3.061e-01
1.218e+01	2.453e-01
1.218e+01	1.123e-01
1.219e+01	5.809e-02
1.219e+01	1.870e-01
1.220e+01	1.735e-01
1.221e+01	1.489e-01
1.221e+01	1.697e-01
1.222e+01	1.462e-01
1.223e+01	2.681e-01
1.223e+01	1.983e-01
1.224e+01	9.432e-02
1.224e+01	1.962e-01
1.225e+01	1.678e-01
1.226e+01	2.175e-01
1.226e+01	3.701e-01
1.227e+01	7.255e-02
1.227e+01	2.134e-01
1.228e+01	1.104e-01
1.229e+01	1.828e-01
1.229e+01	7.295e-02
1.230e+01	9.581e-02
1.230e+01	9.346e-02
1.231e+01	1.873e-01
1.232e+01	5.106e-02
1.232e+01	2.184e-01
1.233e+01	1.652e-01
1.234e+01	6.519e-02
1.234e+01	6.649e-02
1.235e+01	4.171e-02
1.235e+01	1.040e-01
1.236e+01	1.122e-01
1.237e+01	3.388e-02
1.237e+01	2.965e-02
1.238e+01	7.218e-02
1.238e+01	1.568e-01
1.239e+01	1.221e-01
1.240e+01	5.059e-02
1.240e+01	8.872e-02
1.241e+01	7.181e-02
1.241e+01	6.254e-02
1.242e+01	6.470e-02
1.243e+01	1.369e-01
1.243e+01	8.618e-02
1.244e+01	3.213e-01
1.245e+01	2.493e-01
1.245e+01	7.126e-02
1.246e+01	3.986e-02
1.246e+01	1.351e-01
1.247e+01	1.853e-01
1.248e+01	2.775e-01
1.248e+01	2.491e-01
1.249e+01	5.777e-02
1.249e+01	1.564e-01
1.250e+01	6.457e-02
1.251e+01	2.022e-01
1.251e+01	1.267e-01
1.252e+01	1.412e-01
1.252e+01	2.826e-01
1.253e+01	2.285e-01
1.254e+01	2.657e-02
1.254e+01	6.507e-02
1.255e+01	1.148e-01
1.255e+01	7.980e-02
1.256e+01	6.688e-02
1.257e+01	2.065e-01
1.257e+01	1.572e-01
1.258e+01	8.313e-02
1.259e+01	9.505e-02
1.259e+01	1.769e-01
1.260e+01	1.926e-01
1.260e+01	2.174e-01
1.261e+01	1.025e-01
1.262e+01	1.675e-01
1.262e+01	1.334e-01
1.263e+01	2.383e-01
1.263e+01	1.799e-01
1.264e+01	1.666e-01
1.265e+01	1.606e-01
1.265e+01	1.170e-01
1.266e+01	1.724e-01
1.266e+01	2.921e-01
1.267e+01	1.580e-01
1.268e+01	8.582e-02
1.268e+01	2.201e-01
1.269e+01	1.081e-01
1.270e+01	2.346e-01
1.270e+01	1.957e-01
1.271e+01	7.897e-02
1.271e+01	6.729e-02
1.272e+01	1.050e-01
1.273e+01	1.087e-01
1.273e+01	6.011e-02
1.274e+01	1.424e-01
1.274e+01	8.505e-02
1.275e+01	8.167e-02
1.276e+01	4.623e-02
1.276e+01	4.228e-02
1.277e+01	9.611e-02
1.277e+01	6.473e-02
1.278e+01	5.019e-02
1.279e+01	2.126e-01
1.279e+01	7.992e-02
1.280e+01	2.656e-01
1.281e+01	1.024e-01
1.281e+01	1.688e-01
1.282e+01	8.148e-02
1.282e+01	1.123e-01
1.283e+01	1.471e-02
1.284e+01	3.297e-02
1.284e+01	1.670e-01
1.285e+01	1.567e-01
1.285e+01	9.953e-02
1.286e+01	2.314e-01
1.287e+01	3.687e-02
1.287e+01	1.400e-01
1.288e+01	2.873e-01
1.288e+01	3.355e-01
1.289e+01	9.811e-02
1.290e+01	3.007e-01
1.290e+01	1.074e-01
1.291e+01	3.849e-02
1.292e+01	1.203e-01
1.292e+01	1.932e-01
1.293e+01	1.147e-02
1.293e+01	2.178e-01
1.294e+01	7.669e-02
1.295e+01	8.019e-02
1.295e+01	2.102e-01
1.296e+01	2.949e-01
1.296e+01	3.433e-02
1.297e+01	1.400e-01
1.298e+01	5.362e-02
1.298e+01	6.956e-02
1.299e+01	5.633e-02
1.299e+01	5.383e-02
1.300e+01	4.780e-02
1.301e+01	1.746e-01
1.301e+01	1.525e-01
1.302e+01	1.028e-01
1.302e+01	4.786e-02
1.303e+01	1.932e-01
1.304e+01	8.750e-02
1.304e+01	1.881e-01
1.305e+01	2.343e-01
1.306e+01	2.877e-01
1.306e+01	2.089e-02
1.307e+01	4.203e-02
1.307e+01	1.433e-01
1.308e+01	8.307e-02
1.309e+01	1.174e-01
1.309e+01	1.881e-01
1.310e+01	3.177e-02
1.310e+01	2.318e-01
1.311e+01	7.845e-02
1.312e+01	4.490e-01
1.312e+01	1.789e-01
1.313e+01	2.011e-01
1.313e+01	2.050e-02
1.314e+01	6.442e-02
1.315e+01	2.812e-01
1.315e+01	2.311e-01
1.316e+01	9.036e-02
1.317e+01	8.943e-02
1.317e+01	2.836e-01
1.318e+01	7.457e-02
1.318e+01	1.072e-01
1.319e+01	7.254e-02
1.320e+01	2.104e-02
1.320e+01	8.054e-02
1.321e+01	2.019e-01
1.321e+01	1.454e-01
1.322e+01	1.856e-01
1.323e+01	1.494e-01
1.323e+01	2.630e-01
1.324e+01	1.299e-01
1.324e+01	2.996e-01
1.325e+01	1.607e-01
1.326e+01	3.676e-01
1.326e+01	1.900e-01
1.327e+01	2.670e-01
1.328e+01	3.328e-01
1.328e+01	4.862e-02
1.329e+01	1.588e-01
1.329e+01	1.709e-01
1.330e+01	1.488e-01
1.331e+01	1.451e-02
1.331e+01	1.041e-01
1.332e+01	6.476e-02
1.332e+01	2.234e-01
1.333e+01	1.916e-01
1.334e+01	2.883e-01
1.334e+01	1.284e-01
1.335e+01	7.696e-02
1.335e+01	1.221e-01
1.336e+01	1.732e-01
1.337e+01	1.517e-01
1.337e+01	1.788e-01
1.338e+01	1.253e-01
1.339e+01	1.038e-01
1.339e+01	5.575e-02
1.340e+01	1.811e-01
1.340e+01	1.511e-01
1.341e+01	2.920e-01
1.342e+01	1.283e-01
1.342e+01	2.377e-02
1.343e+01	1.163e-01
1.343e+01	1.109e-01
1.344e+01	2.253e-01
1.345e+01	2.628e-01
1.345e+01	2.590e-01
1.346e+01	3.248e-01
1.346e+01	5.567e-02
1.347e+01	7.920e-02
1.348e+01	9.929e-02
1.348e+01	5.238e-02
1.349e+01	9.238e-02
1.349e+01	1.421e-01
1.350e+01	1.732e-01
1.351e+01	8.267e-02
1.351e+01	7.854e-02
1.352e+01	4.292e-02
1.353e+01	1.271e-01
1.353e+01	1.066e-01
1.354e+01	1.740e-01
1.354e+01	2.526e-01
1.355e+01	1.176e-01
1.356e+01	1.105e-01
1.356e+01	5.090e-02
1.357e+01	2.563e-01
1.357e+01	2.249e-01
1.358e+01	2.209e-02
1.359e+01	6.844e-02
1.359e+01	1.230e-01
1.360e+01	8.637e-02
1.360e+01	1.025e-01
1.361e+01	2.384e-01
1.362e+01	1.707e-01
1.362e+01	1.753e-01
1.363e+01	1.353e-01
1.364e+01	1.411e-01
1.364e+01	1.187e-01
1.365e+01	2.181e-01
1.365e+01	2.462e-01
1.366e+01	2.165e-01
1.367e+01	6.672e-02
1.367e+01	2.245e-01
1.368e+01	2.026e-01
1.368e+01	2.481e-01
1.369e+01	1.585e-01
1.370e+01	1.066e-01
1.370e+01	9.142e-02
1.371e+01	7.638e-02
1.371e+01	2.252e-01
1.372e+01	2.012e-01
1.373e+01	2.095e-01
1.373e+01	1.506e-01
1.374e+01	1.325e-01
1.375e+01	1.855e-01
1.375e+01	1.261e-01
1.376e+01	2.638e-01
1.376e+01	1.666e-01
1.377e+01	1.270e-01
1.378e+01	7.307e-02
1.378e+01	1.340e-01
1.379e+01	3.362e-01
1.379e+01	2.055e-01
1.380e+01	1.162e-01
1.381e+01	1.566e-01
1.381e+01	8.041e-02
1.382e+01	2.196e-01
1.382e+01	1.256e-01
1.383e+01	3.168e-02
1.384e+01	8.152e-02
1.384e+01	1.118e-01
1.385e+01	1.256e-01
1.385e+01	7.383e-02
1.386e+01	1.274e-01
1.387e+01	8.054e-02
1.387e+01	1.164e-01
1.388e+01	2.798e-01
1.389e+01	3.254e-01
1.389e+01	1.755e-01
1.390e+01	1.782e-01
1.390e+01	1.866e-01
1.391e+01	1.283e-01
1.392e+01	2.009e-01
1.392e+01	1.021e-01
1.393e+01	1.379e-01
1.393e+01	6.039e-02
1.394e+01	2.339e-02
1.395e+01	2.512e-01
1.395e+01	2.525e-01
1.396e+01	5.831e-02
1.396e+01	2.842e-02
1.397e+01	8.798e-02
1.398e+01	1.119e-01
1.398e+01	1.413e-01
1.399e+01	1.611e-01
1.400e+01	1.420e-01
1.400e+01	1.652e-01
1.401e+01	2.311e-01
1.401e+01	2.222e-02
1.402e+01	9.692e-02
1.403e+01	1.508e-01
1.403e+01	2.272e-01
1.404e+01	6.536e-02
1.404e+01	1.812e-01
1.405e+01	1.358e-01
1.406e+01	4.678e-02
1.406e+01	8.286e-02
1.407e+01	1.009e-01
1.407e+01	1.973e-01
1.408e+01	9.282e-02
1.409e+01	2.683e-01
1.409e+01	1.986e-01
1.410e+01	2.487e-01
1.411e+01	9.307e-02
1.411e+01	1.478e-01
1.412e+01	2.320e-01
1.412e+01	2.299e-01
1.413e+01	1.583e-01
1.414e+01	1.392e-01
1.414e+01	1.790e-01
1.415e+01	2.808e-02
1.415e+01	1.995e-01
1.416e+01	3.323e-02
1.417e+01	1.658e-02
1.417e+01	2.009e-01
1.418e+01	2.443e-01
1.418e+01	1.441e-01
1.419e+01	6.436e-02
1.420e+01	1.329e-01
1.420e+01	2.415e-01
1.421e+01	1.745e-01
1.422e+01	1.309e-01
1.422e+01	4.337e-01
1.423e+01	2.651e-01
1.423e+01	1.350e-01
1.424e+01	1.945e-01
1.425e+01	1.752e-01
1.425e+01	1.262e-01
1.426e+01	1.174e-01
1.426e+01	1.454e-01
1.427e+01	1.318e-01
1.428e+01	1.258e-01
1.428e+01	9.866e-02
1.429e+01	1.037e-01
1.429e+01	1.740e-01
1.430e+01	2.389e-01
1.431e+01	2.586e-01
1.431e+01	6.618e-02
1.432e+01	7.763e-02
1.432e+01	2.957e-01
1.433e+01	1.456e-01
1.434e+01	4.614e-02
1.434e+01	2.584e-01
1.435e+01	3.334e-01
1.436e+01	1.690e-01
1.436e+01	4.301e-02
1.437e+01	1.317e-01
1.437e+01	8.260e-02
1.438e+01	7.798e-02
1.439e+01	1.403e-01
1.439e+01	7.957e-02
1.440e+01	2.834e-01
1.440e+01	1.157e-01
1.441e+01	2.794e-01
1.442e+01	1.635e-01
1.442e+01	2.490e-02
1.443e+01	2.195e-01
1.443e+01	2.030e-01
1.444e+01	8.930e-02
1.445e+01	2.254e-01
1.445e+01	1.094e-01
1.446e+01	1.189e-01
1.447e+01	3.095e-02
1.447e+01	1.577e-01
1.448e+01	2.521e-01
1.448e+01	2.338e-01
1.449e+01	1.549e-01
1.450e+01	1.668e-01
1.450e+01	1.771e-01
1.451e+01	1.221e-01
1.451e+01	2.534e-01
1.452e+01	1.761e-01
1.453e+01	8.808e-02
1.453e+01	1.100e-01
1.454e+01	4.983e-02
1.454e+01	1.312e-01
1.455e+01	1.162e-01
1.456e+01	1.650e-01
1.456e+01	1.793e-01
1.457e+01	2.056e-01
1.458e+01	1.964e-01
1.458e+01	1.762e-01
1.459e+01	9.225e-02
1.459e+01	1.516e-01
1.460e+01	5.778e-02
1.461e+01	2.488e-01
1.461e+01	1.315e-01
1.462e+01	7.425e-02
1.462e+01	1.457e-01
1.463e+01	1.009e-01
1.464e+01	1.980e-01
1.464e+01	9.296e-02
1.465e+01	1.458e-01
1.465e+01	7.789e-02
1.466e+01	1.526e-01
1.467e+01	2.598e-01
1.467e+01	1.034e-01
1.468e+01	1.539e-01
1.469e+01	2.409e-01
1.469e+01	1.295e-01
1.470e+01	1.201e-01
1.470e+01	2.651e-01
1.471e+01	7.091e-02
1.472e+01	1.375e-01
1.472e+01	2.591e-01
1.473e+01	2.024e-01
1.473e+01	1.182e-01
1.474e+01	1.218e-01
1.475e+01	1.932e-01
1.475e+01	1.343e-01
1.476e+01	2.317e-01
1.476e+01	7.203e-02
1.477e+01	1.851e-01
1.478e+01	1.472e-01
1.478e+01	1.684e-01
1.479e+01	8.988e-02
1.479e+01	2.733e-01
1.480e+01	2.470e-01
1.481e+01	2.095e-01
1.481e+01	1.155e-01
1.482e+01	9.543e-02
1.483e+01	1.842e-01
1.483e+01	7.117e-02
1.484e+01	1.655e-01
1.484e+01	7.491e-02
1.485e+01	5.640e-02
1.486e+01	2.695e-01
1.486e+01	1.905e-01
1.487e+01	3.065e-01
1.487e+01	5.783e-02
1.488e+01	1.310e-01
1.489e+01	2.203e-01
1.489e+01	1.319e-01
1.490e+01	1.327e-01
1.490e+01	1.411e-01
1.491e+01	2.078e-01
1.492e+01	1.199e-02
1.492e+01	1.467e-01
1.493e+01	1.853e-01
1.494e+01	6.747e-02
1.494e+01	2.063e-01
1.495e+01	3.110e-01
1.495e+01	1.327e-01
1.496e+01	2.473e-01
1.497e+01	7.597e-02
1.497e+01	1.079e-01
1.498e+01	1.685e-01
1.498e+01	1.491e-01
1.499e+01	5.706e-02
1.500e+01	1.765e-01
1.500e+01	1.679e-01
1.501e+01	1.192e-01
1.501e+01	6.399e-02
1.502e+01	1.956e-01
1.503e+01	2.074e-01
1.503e+01	2.193e-01
1.504e+01	1.635e-01
1.505e+01	1.058e-01
1.505e+01	1.319e-01
1.506e+01	1.497e-01
1.506e+01	1.023e-01
1.507e+01	2.159e-01
1.508e+01	1.354e-01
1.508e+01	8.671e-03
1.509e+01	1.916e-01
1.509e+01	2.485e-02
1.510e+01	2.076e-01
1.511e+01	1.219e-01
1.511e+01	1.058e-01
1.512e+01	1.162e-01
1.512e+01	2.676e-01
1.513e+01	1.888e-01
1.514e+01	1.381e-01
1.514e+01	1.817e-02
1.515e+01	2.063e-01
1.516e+01	1.009e-01
1.516e+01	6.343e-02
1.517e+01	1.182e-01
1.517e+01	1.210e-01
1.518e+01	1.726e-01
1.519e+01	8.663e-02
1.519e+01	2.647e-01
1.520e+01	7.592e-02
1.520e+01	1.585e-01
1.521e+01	1.056e-01
1.522e+01	1.152e-01
1.522e+01	1.815e-01
1.523e+01	1.405e-01
1.523e+01	1.562e-01
1.524e+01	2.278e-01
1.525e+01	4.413e-02
1.525e+01	1.123e-01
1.526e+01	1.065e-01
1.526e+01	5.443e-02
1.527e+01	5.773e-02
1.528e+01	2.780e-01
1.528e+01	2.910e-01
1.529e+01	1.386e-01
1.530e+01	2.956e-01
1.530e+01	7.727e-02
1.531e+01	1.477e-01
1.531e+01	1.153e-01
1.532e+01	2.061e-01
1.533e+01	7.522e-03
1.533e+01	1.942e-01
1.534e+01	1.288e-01
1.534e+01	1.167e-01
1.535e+01	5.644e-02
1.536e+01	1.924e-01
1.536e+01	1.641e-01
1.537e+01	2.492e-01
1.537e+01	4.645e-02
1.538e+01	1.259e-01
1.539e+01	1.969e-01
1.539e+01	1.310e-01
1.540e+01	1.411e-01
1.541e+01	9.292e-02
1.541e+01	1.878e-01
1.542e+01	5.118e-02
1.542e+01	1.234e-01
1.543e+01	9.103e-02
1.544e+01	1.503e-01
1.544e+01	1.610e-01
1.545e+01	1.834e-01
1.545e+01	2.196e-01
1.546e+01	5.745e-02
1.547e+01	2.150e-01
1.547e+01	3.514e-02
1.548e+01	1.758e-01
1.548e+01	1.211e-01
1.549e+01	2.296e-01
1.550e+01	1.077e-01
1.550e+01	3.338e-02
1.551e+01	1.901e-01
1.552e+01	1.409e-02
1.552e+01	2.285e-01
1.553e+01	6.262e-02
1.553e+01	1.892e-01
1.554e+01	2.515e-01
1.555e+01	4.432e-02
1.555e+01	1.646e-01
1.556e+01	1.861e-01
1.556e+01	6.509e-02
1.557e+01	1.141e-01
1.558e+01	1.183e-01
1.558e+01	3.254e-02
1.559e+01	8.200e-02
1.559e+01	1.397e-01
1.560e+01	2.147e-01
1.561e+01	4.948e-02
1.561e+01	1.001e-01
1.562e+01	1.901e-01
1.563e+01	7.230e-02
1.563e+01	2.831e-01
1.564e+01	1.586e-01
1.564e+01	2.116e-02
1.565e+01	1.302e-01
1.566e+01	1.591e-01
1.566e+01	4.830e-02
1.567e+01	1.687e-01
1.567e+01	5.716e-02
1.568e+01	1.627e-01
1.569e+01	3.125e-02
1.569e+01	1.019e-01
1.570e+01	1.364e-01
1.570e+01	6.760e-02
1.571e+01	2.654e-01
1.572e+01	6.435e-02
1.572e+01	1.381e-01
1.573e+01	1.547e-01
1.573e+01	2.304e-01
1.574e+01	6.758e-02
1.575e+01	1.289e-01
1.575e+01	1.076e-01
1.576e+01	2.154e-01
1.577e+01	1.233e-01
1.577e+01	1.702e-01
1.578e+01	1.162e-01
1.578e+01	1.589e-01
1.579e+01	8.561e-03
1.580e+01	9.589e-02
1.580e+01	8.367e-02
1.581e+01	8.349e-02
1.581e+01	9.582e-02
1.582e+01	1.742e-01
1.583e+01	8.218e-02
1.583e+01	1.420e-02
1.584e+01	1.606e-01
1.584e+01	2.021e-01
1.585e+01	1.544e-01
1.586e+01	8.459e-02
1.586e+01	2.007e-01
1.587e+01	7.947e-02
1.588e+01	8.842e-02
1.588e+01	2.072e-01
1.589e+01	8.393e-02
1.589e+01	2.040e-01
1.590e+01	7.146e-02
1.591e+01	1.775e-01
1.591e+01	5.869e-02
1.592e+01	3.971e-02
1.592e+01	2.398e-01
1.593e+01	1.652e-01
1.594e+01	9.930e-02
1.594e+01	1.045e-01
1.595e+01	1.956e-01
1.595e+01	6.180e-02
1.596e+01	1.049e-01
1.597e+01	1.001e-01
1.597e+01	1.115e-01
1.598e+01	1.630e-01
1.599e+01	1.439e-01
1.599e+01	1.214e-01
1.600e+01	1.770e-01
1.600e+01	2.002e-02
1.601e+01	3.095e-01
1.602e+01	7.547e-02
1.602e+01	1.533e-01
1.603e+01	7.201e-02
1.603e+01	1.468e-01
1.604e+01	1.079e-01
1.605e+01	7.764e-02
1.605e+01	2.137e-01
1.606e+01	1.273e-01
1.606e+01	7.638e-02
1.607e+01	1.321e-01
1.608e+01	1.460e-01
1.608e+01	2.391e-01
1.609e+01	1.091e-01
1.609e+01	2.660e-01
1.610e+01	1.142e-01
1.611e+01	1.451e-01
1.611e+01	1.569e-01
1.612e+01	6.762e-02
1.613e+01	9.071e-02
1.613e+01	1.166e-01
1.614e+01	1.334e-01
1.614e+01	5.294e-02
1.615e+01	1.599e-01
1.616e+01	9.218e-02
1.616e+01	7.886e-02
1.617e+01	2.338e-01
1.617e+01	2.044e-01
1.618e+01	1.255e-01
1.619e+01	7.564e-02
1.619e+01	1.868e-01
1.620e+01	1.930e-01
1.620e+01	5.376e-02
1.621e+01	2.316e-01
1.622e+01	4.187e-02
1.622e+01	1.800e-01
1.623e+01	1.938e-01
1.624e+01	1.525e-01
1.624e+01	2.037e-01
1.625e+01	2.014e-01
1.625e+01	1.272e-01
1.626e+01	1.761e-01
1.627e+01	1.595e-01
1.627e+01	6.153e-02
1.628e+01	1.086e-01
1.628e+01	1.197e-01
1.629e+01	1.542e-01
1.630e+01	1.327e-01
1.630e+01	1.384e-01
1.631e+01	1.337e-01
1.631e+01	1.072e-01
1.632e+01	1.943e-01
1.633e+01	2.374e-01
1.633e+01	3.872e-02
1.634e+01	1.539e-01
1.635e+01	2.801e-02
1.635e+01	1.878e-01
1.636e+01	9.880e-02
1.636e+01	2.785e-01
1.637e+01	1.395e-01
1.638e+01	1.385e-01
1.638e+01	1.909e-01
1.639e+01	1.097e-01
1.639e+01	1.815e-01
1.640e+01	1.204e-01
1.641e+01	1.671e-01
1.641e+01	1.915e-01
1.642e+01	5.341e-02
1.642e+01	9.616e-02
1.643e+01	1.254e-01
1.644e+01	6.172e-02
1.644e+01	1.200e-01
1.645e+01	2.028e-01
1.646e+01	2.169e-01
1.646e+01	1.966e-01
1.647e+01	1.852e-01
1.647e+01	3.166e-01
1.648e+01	1.029e-01
1.649e+01	2.299e-01
1.649e+01	2.158e-01
1.650e+01	1.062e-01
1.650e+01	1.102e-01
1.651e+01	8.097e-02
1.652e+01	1.952e-01
1.652e+01	1.485e-01
1.653e+01	8.516e-02
1.653e+01	1.720e-01
1.654e+01	1.676e-01
1.655e+01	5.551e-02
1.655e+01	2.129e-01
1.656e+01	1.832e-01
1.656e+01	1.711e-01
1.657e+01	1.854e-01
1.658e+01	2.423e-01
1.658e+01	1.502e-01
1.659e+01	1.252e-01
1.660e+01	1.573e-01
1.660e+01	7.841e-02
1.661e+01	8.960e-02
1.661e+01	2.013e-01
1.662e+01	1.835e-01
1.663e+01	1.333e-01
1.663e+01	8.625e-02
1.664e+01	2.597e-01
1.664e+01	2.178e-01
1.665e+01	8.969e-02
1.666e+01	2.060e-01
1.666e+01	1.162e-01
1.667e+01	2.055e-01
1.667e+01	1.165e-01
1.668e+01	2.080e-01
1.669e+01	1.070e-01
1.669e+01	1.888e-01
1.670e+01	1.386e-01
1.671e+01	2.243e-01
1.671e+01	7.359e-02
1.672e+01	1.905e-01
1.672e+01	1.502e-01
1.673e+01	6.332e-02
1.674e+01	1.197e-01
1.674e+01	3.157e-01
1.675e+01	9.569e-02
1.675e+01	2.506e-01
1.676e+01	1.549e-01
1.677e+01	1.787e-01
1.677e+01	1.452e-01
1.678e+01	2.164e-01
1.678e+01	1.559e-01
1.679e+01	6.449e-02
1.680e+01	1.337e-01
1.680e+01	1.596e-01
1.681e+01	2.870e-01
1.682e+01	2.296e-01
1.682e+01	1.803e-01
1.683e+01	1.773e-01
1.683e+01	1.054e-01
1.684e+01	1.551e-01
1.685e+01	1.388e-01
1.685e+01	3.126e-01
1.686e+01	3.317e-02
1.686e+01	2.627e-01
1.687e+01	2.146e-01
1.688e+01	3.255e-01
1.688e+01	9.946e-02
1.689e+01	8.155e-02
1.689e+01	1.926e-01
1.690e+01	3.971e-02
1.691e+01	7.830e-02
1.691e+01	2.172e-01
1.692e+01	1.941e-01
1.693e+01	2.238e-01
1.693e+01	9.489e-02
1.694e+01	1.628e-01
1.694e+01	1.291e-01
1.695e+01	8.163e-02
1.696e+01	3.053e-01
1.696e+01	1.889e-01
1.697e+01	1.893e-01
1.697e+01	2.252e-01
1.698e+01	1.504e-01
1.699e+01	4.683e-02
1.699e+01	1.926e-01
1.700e+01	6.663e-02
1.700e+01	1.900e-01
1.701e+01	7.587e-02
1.702e+01	1.781e-01
1.702e+01	9.220e-02
1.703e+01	3.307e-02
1.703e+01	2.068e-01
1.704e+01	2.055e-01
1.705e+01	1.041e-01
1.705e+01	1.892e-01
1.706e+01	1.741e-01
1.707e+01	2.299e-01
1.707e+01	1.902e-02
1.708e+01	1.957e-01
1.708e+01	1.139e-01
1.709e+01	1.255e-01
1.710e+01	1.577e-01
1.710e+01	1.306e-01
1.711e+01	1.293e-01
1.711e+01	5.512e-02
1.712e+01	1.541e-01
1.713e+01	1.742e-01
1.713e+01	9.352e-02
1.714e+01	1.260e-01
1.714e+01	2.672e-01
1.715e+01	5.576e-02
1.716e+01	1.985e-01
1.716e+01	2.739e-01
1.717e+01	1.399e-01
1.718e+01	1.082e-01
1.718e+01	9.733e-02
1.719e+01	4.315e-02
1.719e+01	1.498e-01
1.720e+01	1.793e-01
1.721e+01	2.340e-01
1.721e+01	7.535e-02
1.722e+01	2.765e-02
1.722e+01	1.666e-01
1.723e+01	1.411e-01
1.724e+01	7.311e-02
1.724e+01	1.887e-01
1.725e+01	9.899e-02
1.725e+01	2.593e-01
1.726e+01	1.159e-01
1.727e+01	2.418e-01
1.727e+01	1.233e-01
1.728e+01	5.620e-02
1.729e+01	1.028e-01
1.729e+01	1.602e-01
1.730e+01	1.424e-01
1.730e+01	1.687e-01
1.731e+01	2.004e-01
1.732e+01	1.685e-01
1.732e+01	1.912e-01
1.733e+01	9.298e-02
1.733e+01	1.819e-01
1.734e+01	1.541e-01
1.735e+01	1.367e-01
1.735e+01	1.362e-01
1.736e+01	2.174e-01
1.736e+01	1.186e-01
1.737e+01	1.418e-01
1.738e+01	2.485e-01
1.738e+01	1.156e-01
1.739e+01	1.358e-01
1.740e+01	1.401e-01
1.740e+01	4.839e-02
1.741e+01	1.090e-01
1.741e+01	6.883e-02
1.742e+01	1.485e-01
1.743e+01	6.407e-02
1.743e+01	1.138e-01
1.744e+01	2.013e-01
1.744e+01	1.702e-01
1.745e+01	4.144e-02
1.746e+01	1.153e-01
1.746e+01	9.323e-02
1.747e+01	6.078e-02
1.747e+01	1.884e-01
1.748e+01	1.675e-01
1.749e+01	6.997e-02
1.749e+01	1.151e-01
1.750e+01	1.969e-01
1.750e+01	1.110e-01
1.751e+01	7.179e-02
1.752e+01	1.917e-01
1.752e+01	1.210e-01
1.753e+01	6.303e-02
1.754e+01	6.375e-02
1.754e+01	1.092e-01
1.755e+01	1.346e-01
1.755e+01	8.946e-02
1.756e+01	1.602e-01
1.757e+01	1.777e-01
1.757e+01	9.893e-02
1.758e+01	1.719e-01
1.758e+01	8.410e-02
1.759e+01	9.128e-02
1.760e+01	3.850e-02
1.760e+01	1.888e-01
1.761e+01	2.970e-01
1.761e+01	9.433e-02
1.762e+01	1.757e-01
1.763e+01	1.629e-01
1.763e+01	4.455e-02
1.764e+01	1.477e-01
1.765e+01	1.707e-01
1.765e+01	1.162e-01
1.766e+01	8.235e-02
1.766e+01	6.242e-02
1.767e+01	1.179e-01
1.768e+01	3.413e-02
1.768e+01	3.459e-02
1.769e+01	1.403e-01
1.769e+01	5.321e-02
1.770e+01	2.097e-01
1.771e+01	1.440e-01
1.771e+01	1.435e-01
1.772e+01	6.549e-02
1.772e+01	3.637e-02
1.773e+01	9.254e-02
1.774e+01	1.749e-02
1.774e+01	1.587e-01
1.775e+01	1.318e-01
1.776e+01	2.080e-01
1.776e+01	4.101e-02
1.777e+01	1.832e-01
1.777e+01	1.347e-01
1.778e+01	2.510e-01
1.779e+01	1.775e-01
1.779e+01	1.553e-01
1.780e+01	5.632e-02
1.780e+01	9.237e-02
1.781e+01	1.128e-01
1.782e+01	6.334e-02
1.782e+01	8.933e-02
1.783e+01	1.058e-01
1.783e+01	1.179e-01
1.784e+01	1.065e-01
1.785e+01	4.771e-02
1.785e+01	2.812e-02
1.786e+01	7.451e-02
1.786e+01	1.494e-02
1.787e+01	9.017e-02
1.788e+01	6.906e-02
1.788e+01	1.136e-01
1.789e+01	9.779e-02
1.790e+01	1.401e-01
1.790e+01	1.683e-01
1.791e+01	2.934e-02
1.791e+01	9.451e-02
1.792e+01	1.372e-01
1.793e+01	5.772e-02
1.793e+01	6.422e-02
1.794e+01	1.539e-01
1.794e+01	1.509e-01
1.795e+01	1.121e-01
1.796e+01	6.435e-02
1.796e+01	1.075e-01
1.797e+01	6.127e-02
1.797e+01	6.120e-02
1.798e+01	1.653e-01
1.799e+01	4.542e-02
1.799e+01	1.397e-01
1.800e+01	2.301e-01
1.801e+01	1.550e-01
1.801e+01	7.768e-02
1.802e+01	1.786e-01
1.802e+01	1.520e-01
1.803e+01	2.501e-02
1.804e+01	2.501e-02
1.804e+01	1.697e-01
1.805e+01	1.056e-01
1.805e+01	3.165e-02
1.806e+01	8.489e-02
1.807e+01	6.017e-02
1.807e+01	6.495e-02
1.808e+01	1.124e-01
1.808e+01	6.737e-02
1.809e+01	7.489e-02
1.810e+01	5.822e-02
1.810e+01	1.194e-01
1.811e+01	8.983e-02
1.812e+01	5.719e-02
1.812e+01	7.814e-02
1.813e+01	1.216e-01
1.813e+01	4.343e-02
1.814e+01	9.608e-02
1.815e+01	1.316e-02
1.815e+01	1.002e-01
1.816e+01	3.217e-02
1.816e+01	1.981e-02
1.817e+01	1.399e-01
1.818e+01	1.607e-01
1.818e+01	8.066e-02
1.819e+01	4.188e-02
1.819e+01	2.375e-02
1.820e+01	1.694e-01
1.821e+01	1.836e-01
1.821e+01	9.510e-02
1.822e+01	4.258e-02
1.823e+01	9.831e-02
1.823e+01	6.799e-02
1.824e+01	3.136e-02
1.824e+01	7.810e-02
1.825e+01	1.732e-01
1.826e+01	1.153e-01
1.826e+01	1.171e-01
1.827e+01	9.573e-02
1.827e+01	1.283e-01
1.828e+01	4.907e-02
1.829e+01	2.762e-02
1.829e+01	7.578e-02
1.830e+01	3.708e-02
1.830e+01	3.597e-02
1.831e+01	1.160e-01
1.832e+01	7.104e-02
1.832e+01	4.661e-02
1.833e+01	7.524e-02
1.833e+01	1.892e-01
1.834e+01	9.852e-02
1.835e+01	7.991e-02
1.835e+01	1.232e-01
1.836e+01	1.308e-01
1.837e+01	6.677e-02
1.837e+01	6.753e-02
1.838e+01	8.533e-02
1.838e+01	7.849e-02
1.839e+01	1.059e-01
1.840e+01	1.367e-01
1.840e+01	4.721e-02
1.841e+01	7.344e-03
1.841e+01	1.284e-01
1.842e+01	1.355e-01
1.843e+01	3.916e-02
1.843e+01	6.057e-02
1.844e+01	1.463e-01
1.844e+01	6.255e-02
1.845e+01	6.230e-02
1.846e+01	1.112e-01
1.846e+01	4.051e-02
1.847e+01	6.824e-02
1.848e+01	3.666e-02
1.848e+01	2.377e-02
1.849e+01	4.941e-02
1.849e+01	1.530e-01
1.850e+01	1.463e-01
1.851e+01	6.641e-02
1.851e+01	5.656e-02
1.852e+01	1.619e-01
1.852e+01	1.237e-01
1.853e+01	2.159e-02
1.854e+01	5.741e-02
1.854e+01	7.557e-02
1.855e+01	8.199e-02
1.855e+01	6.659e-02
1.856e+01	1.311e-01
1.857e+01	8.940e-02
1.857e+01	2.637e-02
1.858e+01	7.159e-02
1.859e+01	4.948e-02
1.859e+01	1.321e-01
1.860e+01	5.828e-02
1.860e+01	1.681e-01
1.861e+01	6.325e-02
1.862e+01	8.317e-02
1.862e+01	1.601e-01
1.863e+01	1.385e-01
1.863e+01	9.389e-02
1.864e+01	1.037e-01
1.865e+01	1.725e-02
1.865e+01	9.627e-02
1.866e+01	1.146e-01
1.866e+01	1.305e-01
1.867e+01	8.461e-02
1.868e+01	6.781e-02
1.868e+01	7.944e-02
1.869e+01	1.394e-01
1.870e+01	1.525e-01
1.870e+01	1.150e-01
1.871e+01	4.573e-02
1.871e+01	1.109e-01
1.872e+01	6.121e-02
1.873e+01	1.132e-01
1.873e+01	1.438e-01
1.874e+01	1.105e-01
1.874e+01	8.457e-02
1.875e+01	2.701e-02
1.876e+01	1.202e-01
1.876e+01	5.278e-02
1.877e+01	2.391e-02
1.877e+01	1.142e-01
1.878e+01	8.035e-02
1.879e+01	4.919e-02
1.879e+01	5.266e-02
1.880e+01	2.333e-02
1.880e+01	3.957e-02
1.881e+01	4.907e-02
1.882e+01	2.790e-02
1.882e+01	5.094e-02
1.883e+01	3.442e-02
1.884e+01	9.757e-02
1.884e+01	7.534e-02
1.885e+01	5.831e-02
1.885e+01	1.476e-01
1.886e+01	1.074e-01
1.887e+01	8.820e-02
1.887e+01	6.884e-02
1.888e+01	6.315e-02
1.888e+01	8.061e-02
1.889e+01	9.617e-02
1.890e+01	1.160e-01
1.890e+01	6.974e-02
1.891e+01	7.290e-02
1.891e+01	1.313e-01
1.892e+01	2.171e-01
1.893e+01	1.012e-01
1.893e+01	5.756e-02
1.894e+01	6.434e-02
1.895e+01	7.492e-02
1.895e+01	2.226e-02
1.896e+01	3.321e-02
1.896e+01	5.861e-02
1.897e+01	7.635e-02
1.898e+01	7.634e-02
1.898e+01	1.079e-01
1.899e+01	3.959e-02
1.899e+01	7.267e-02
1.900e+01	9.167e-02
1.901e+01	4.913e-02
1.901e+01	2.700e-02
1.902e+01	8.774e-02
1.902e+01	1.459e-01
1.903e+01	8.161e-02
1.904e+01	2.878e-02
1.904e+01	3.878e-02
1.905e+01	6.545e-02
1.906e+01	3.951e-02
1.906e+01	1.164e-01
1.907e+01	7.042e-02
1.907e+01	4.936e-02
1.908e+01	3.133e-02
1.909e+01	3.176e-02
1.909e+01	7.068e-02
1.910e+01	9.059e-02
1.910e+01	7.694e-02
1.911e+01	6.395e-02
1.912e+01	5.693e-02
1.912e+01	4.709e-02
1.913e+01	8.197e-02
1.913e+01	8.141e-02
1.914e+01	7.366e-02
1.915e+01	4.926e-02
1.915e+01	1.136e-01
1.916e+01	9.571e-02
1.917e+01	5.339e-02
1.917e+01	6.190e-02
1.918e+01	7.274e-02
1.918e+01	1.393e-01
1.919e+01	1.162e-01
1.920e+01	1.167e-02
1.920e+01	4.450e-02
1.921e+01	1.069e-02
1.921e+01	4.200e-02
1.922e+01	7.173e-02
1.923e+01	3.682e-02
1.923e+01	4.375e-02
1.924e+01	8.515e-02
1.924e+01	6.472e-02
1.925e+01	6.609e-02
1.926e+01	1.508e-03
1.926e+01	9.182e-03
1.927e+01	6.512e-02
1.927e+01	4.763e-02
1.928e+01	8.390e-02
1.929e+01	2.079e-02
1.929e+01	9.569e-02
1.930e+01	8.218e-02
1.931e+01	4.471e-02
1.931e+01	5.489e-02
1.932e+01	4.527e-02
1.932e+01	2.480e-02
1.933e+01	6.848e-02
1.934e+01	5.977e-02
1.934e+01	1.806e-02
1.935e+01	3.535e-02
1.935e+01	6.367e-02
1.936e+01	8.174e-02
1.937e+01	4.006e-02
1.937e+01	8.766e-03
1.938e+01	6.857e-02
1.938e+01	6.578e-02
1.939e+01	3.958e-02
1.940e+01	3.031e-02
1.940e+01	7.356e-02
1.941e+01	5.747e-02
1.942e+01	6.997e-02
1.942e+01	4.078e-02
1.943e+01	1.171e-01
1.943e+01	8.546e-02
1.944e+01	3.407e-02
1.945e+01	3.684e-02
1.945e+01	1.062e-01
1.946e+01	5.855e-02
1.946e+01	9.474e-02
1.947e+01	5.106e-02
1.948e+01	5.163e-02
1.948e+01	2.159e-02
1.949e+01	1.278e-02
1.949e+01	8.799e-02
1.950e+01	9.961e-02
1.951e+01	3.559e-02
1.951e+01	4.132e-02
1.952e+01	3.818e-02
1.953e+01	3.503e-02
1.953e+01	4.860e-02
1.954e+01	8.486e-02
1.954e+01	7.430e-02
1.955e+01	7.618e-02
1.956e+01	1.522e-01
1.956e+01	2.629e-02
1.957e+01	7.544e-02
1.957e+01	1.067e-02
1.958e+01	3.907e-02
1.959e+01	4.400e-02
1.959e+01	6.045e-02
1.960e+01	2.167e-02
1.960e+01	7.954e-02
1.961e+01	9.592e-02
1.962e+01	8.213e-02
1.962e+01	2.450e-02
1.963e+01	9.756e-02
1.964e+01	1.571e-02
1.964e+01	9.252e-02
1.965e+01	9.020e-02
1.965e+01	5.593e-02
1.966e+01	6.400e-02
1.967e+01	6.492e-02
1.967e+01	3.230e-02
1.968e+01	4.843e-02
1.968e+01	4.834e-02
1.969e+01	1.145e-01
1.970e+01	1.934e-01
1.970e+01	4.704e-02
1.971e+01	1.032e-01
1.971e+01	7.105e-03
1.972e+01	1.378e-01
1.973e+01	1.132e-01
1.973e+01	6.406e-02
1.974e+01	1.065e-01
1.974e+01	9.004e-02
1.975e+01	1.252e-01
1.976e+01	1.103e-01
1.976e+01	3.347e-02
1.977e+01	1.396e-02
1.978e+01	7.229e-02
1.978e+01	8.315e-02
1.979e+01	5.986e-02
1.979e+01	9.637e-02
1.980e+01	6.439e-02
1.981e+01	3.308e-02
1.981e+01	8.339e-02
1.982e+01	4.400e-02
1.982e+01	3.084e-02
1.983e+01	3.388e-02
1.984e+01	9.001e-02
1.984e+01	2.720e-02
1.985e+01	8.606e-02
1.985e+01	5.726e-02
1.986e+01	3.748e-02
1.987e+01	1.930e-02
1.987e+01	9.575e-03
1.988e+01	4.166e-02
1.989e+01	1.017e-01
1.989e+01	1.086e-01
1.990e+01	4.599e-02
1.990e+01	6.253e-02
1.991e+01	7.290e-02
1.992e+01	6.754e-02
1.992e+01	1.793e-01
1.993e+01	8.184e-02
1.993e+01	2.983e-02
1.994e+01	5.234e-02
1.995e+01	5.765e-02
1.995e+01	7.127e-02
1.996e+01	7.558e-02
1.996e+01	9.260e-02
1.997e+01	4.794e-02
1.998e+01	5.511e-02
1.998e+01	3.878e-02
1.999e+01	5.710e-02
2.000e+01	7.428e-02
2.000e+01	8.879e-02
2.001e+01	1.510e-01
2.001e+01	1.767e-01
2.002e+01	1.229e-01
2.003e+01	6.516e-02
2.003e+01	6.022e-02
2.004e+01	6.106e-02
2.004e+01	8.163e-02
2.005e+01	1.123e-01
2.006e+01	1.286e-01
2.006e+01	3.286e-02
2.007e+01	1.265e-01
2.007e+01	8.752e-02
2.008e+01	8.162e-02
2.009e+01	1.077e-01
2.009e+01	1.295e-01
2.010e+01	3.366e-02
2.010e+01	7.728e-03
2.011e+01	3.967e-02
2.012e+01	3.576e-02
2.012e+01	8.382e-02
2.013e+01	4.333e-02
2.014e+01	7.395e-02
2.014e+01	3.587e-02
2.015e+01	9.192e-02
2.015e+01	5.622e-02
2.016e+01	6.761e-02
2.017e+01	6.826e-02
2.017e+01	1.312e-02
2.018e+01	3.302e-02
2.018e+01	1.560e-01
2.019e+01	1.942e-01
2.020e+01	6.339e-02
2.020e+01	2.426e-02
2.021e+01	4.980e-02
2.021e+01	2.981e-02
2.022e+01	4.476e-02
2.023e+01	2.627e-02
2.023e+01	4.183e-02
2.024e+01	8.766e-02
2.025e+01	6.685e-02
2.025e+01	1.669e-01
2.026e+01	8.331e-02
2.026e+01	4.242e-02
2.027e+01	1.809e-02
2.028e+01	6.141e-02
2.028e+01	1.601e-02
2.029e+01	3.664e-02
2.029e+01	6.795e-02
2.030e+01	5.794e-02
2.031e+01	1.107e-01
2.031e+01	6.577e-02
2.032e+01	6.573e-02
2.032e+01	2.480e-02
2.033e+01	8.963e-02
2.034e+01	1.198e-01
2.034e+01	7.041e-02
2.035e+01	8.478e-02
2.036e+01	1.055e-01
2.036e+01	1.143e-01
2.037e+01	8.095e-02
2.037e+01	3.569e-02
2.038e+01	3.695e-02
2.039e+01	5.117e-02
2.039e+01	7.776e-02
2.040e+01	1.476e-01
2.040e+01	1.217e-01
2.041e+01	6.166e-02
2.042e+01	4.934e-02
2.042e+01	4.763e-02
2.043e+01	2.727e-02
2.043e+01	4.979e-02
2.044e+01	9.582e-02
2.045e+01	7.714e-02
2.045e+01	1.856e-02
2.046e+01	9.930e-02
2.047e+01	1.079e-01
2.047e+01	4.041e-02
2.048e+01	2.397e-02
2.048e+01	3.670e-02
2.049e+01	3.598e-02
2.050e+01	5.352e-02
2.050e+01	1.135e-01
2.051e+01	1.215e-01
2.051e+01	1.200e-02
2.052e+01	1.815e-02
2.053e+01	8.246e-02
2.053e+01	4.852e-02
2.054e+01	2.519e-02
2.054e+01	6.672e-02
2.055e+01	1.301e-01
2.056e+01	6.054e-02
2.056e+01	2.215e-02
2.057e+01	6.515e-02
2.057e+01	9.116e-02
2.058e+01	8.923e-02
2.059e+01	8.993e-02
2.059e+01	9.053e-02
2.060e+01	6.856e-02
2.061e+01	6.723e-02
2.061e+01	9.924e-02
2.062e+01	5.293e-02
2.062e+01	7.431e-02
2.063e+01	8.218e-02
2.064e+01	9.163e-02
2.064e+01	5.000e-02
2.065e+01	1.318e-01
2.065e+01	4.746e-02
2.066e+01	1.133e-01
2.067e+01	1.864e-02
2.067e+01	5.069e-02
2.068e+01	6.295e-02
2.068e+01	4.735e-02
2.069e+01	7.770e-02
2.070e+01	7.613e-02
2.070e+01	5.613e-02
2.071e+01	1.072e-01
2.072e+01	8.021e-02
2.072e+01	3.706e-02
2.073e+01	4.052e-02
2.073e+01	1.767e-02
2.074e+01	1.273e-01
2.075e+01	7.240e-02
2.075e+01	7.802e-02
2.076e+01	8.544e-02
2.076e+01	3.390e-02
2.077e+01	8.454e-02
2.078e+01	4.365e-02
2.078e+01	1.186e-01
2.079e+01	6.613e-02
2.079e+01	1.230e-01
2.080e+01	1.031e-01
2.081e+01	9.524e-02
2.081e+01	3.899e-02
2.082e+01	1.132e-01
2.083e+01	1.084e-01
2.083e+01	2.498e-02
2.084e+01	5.344e-02
2.084e+01	8.557e-02
2.085e+01	4.259e-02
2.086e+01	7.535e-02
2.086e+01	1.290e-01
2.087e+01	9.104e-02
2.087e+01	2.521e-02
2.088e+01	5.382e-02
2.089e+01	1.600e-01
2.089e+01	7.100e-02
2.090e+01	8.399e-02
2.090e+01	1.320e-01
2.091e+01	9.036e-02
2.092e+01	5.222e-02
2.092e+01	1.441e-01
2.093e+01	1.334e-01
2.094e+01	4.881e-02
2.094e+01	7.154e-02
2.095e+01	1.786e-01
2.095e+01	1.487e-01
2.096e+01	2.832e-02
2.097e+01	4.057e-02
2.097e+01	8.402e-02
2.098e+01	2.138e-02
2.098e+01	1.049e-01
2.099e+01	1.243e-01
2.100e+01	6.390e-02
2.100e+01	1.440e-02
2.101e+01	7.177e-02
2.101e+01	8.088e-02
2.102e+01	2.876e-02
2.103e+01	7.945e-02
2.103e+01	2.033e-01
2.104e+01	1.808e-01
2.104e+01	1.317e-01
2.105e+01	1.108e-01
2.106e+01	1.144e-01
2.106e+01	9.378e-02
2.107e+01	3.158e-02
2.108e+01	4.795e-02
2.108e+01	7.500e-02
2.109e+01	3.967e-02
2.109e+01	1.114e-01
2.110e+01	5.319e-02
2.111e+01	4.133e-02
2.111e+01	9.821e-02
2.112e+01	8.871e-02
2.112e+01	8.445e-02
2.113e+01	1.457e-02
2.114e+01	8.910e-02
2.114e+01	1.341e-01
2.115e+01	1.423e-01
2.115e+01	1.367e-01
2.116e+01	5.728e-02
2.117e+01	5.138e-02
2.117e+01	6.792e-02
2.118e+01	6.444e-02
2.119e+01	7.510e-02
2.119e+01	1.635e-02
2.120e+01	1.110e-01
2.120e+01	1.125e-01
2.121e+01	1.106e-01
2.122e+01	6.584e-02
2.122e+01	5.012e-02
2.123e+01	5.017e-02
2.123e+01	4.375e-02
2.124e+01	8.360e-02
2.125e+01	7.024e-02
2.125e+01	3.382e-02
2.126e+01	4.291e-02
2.126e+01	5.275e-02
2.127e+01	4.530e-02
2.128e+01	6.855e-02
2.128e+01	9.966e-02
2.129e+01	6.999e-02
2.130e+01	4.863e-02
2.130e+01	3.804e-02
2.131e+01	8.429e-02
2.131e+01	3.472e-02
2.132e+01	9.767e-02
2.133e+01	4.804e-02
2.133e+01	3.716e-02
2.134e+01	7.723e-02
2.134e+01	1.363e-02
2.135e+01	7.994e-02
2.136e+01	1.239e-02
2.136e+01	4.388e-02
2.137e+01	5.408e-02
2.137e+01	6.691e-02
2.138e+01	1.075e-01
2.139e+01	8.633e-02
2.139e+01	1.181e-01
2.140e+01	5.979e-02
2.141e+01	2.346e-02
2.141e+01	1.051e-02
2.142e+01	2.018e-02
2.142e+01	7.469e-02
2.143e+01	1.068e-01
2.144e+01	3.905e-02
2.144e+01	3.698e-02
2.145e+01	6.633e-02
2.145e+01	1.044e-01
2.146e+01	3.631e-02
2.147e+01	8.802e-03
2.147e+01	5.816e-02
2.148e+01	8.520e-02
2.148e+01	7.284e-02
2.149e+01	6.457e-02
2.150e+01	8.079e-02
2.150e+01	1.039e-01
2.151e+01	2.283e-02
2.151e+01	4.429e-03
2.152e+01	6.947e-02
2.153e+01	3.234e-02
2.153e+01	4.482e-02
2.154e+01	1.921e-02
2.155e+01	7.253e-02
2.155e+01	4.026e-02
2.156e+01	6.650e-02
2.156e+01	1.042e-01
2.157e+01	8.079e-02
2.158e+01	8.827e-02
2.158e+01	8.406e-02
2.159e+01	4.267e-02
2.159e+01	7.391e-02
2.160e+01	3.879e-02
2.161e+01	6.921e-02
2.161e+01	8.923e-02
2.162e+01	8.585e-02
2.162e+01	8.670e-02
2.163e+01	5.381e-02
2.164e+01	5.308e-02
2.164e+01	9.580e-02
2.165e+01	9.025e-02
2.166e+01	5.288e-02
2.166e+01	3.312e-02
2.167e+01	6.375e-02
2.167e+01	1.964e-02
2.168e+01	6.995e-02
2.169e+01	1.146e-01
2.169e+01	2.447e-02
2.170e+01	6.158e-02
2.170e+01	6.903e-02
2.171e+01	7.390e-02
2.172e+01	4.330e-02
2.172e+01	1.414e-02
2.173e+01	7.823e-02
2.173e+01	5.540e-02
2.174e+01	8.775e-02
2.175e+01	8.280e-02
2.175e+01	5.980e-02
2.176e+01	4.684e-02
2.177e+01	6.201e-02
2.177e+01	9.144e-02
2.178e+01	7.835e-02
2.178e+01	1.275e-01
2.179e+01	1.354e-01
2.180e+01	5.985e-02
2.180e+01	6.333e-02
2.181e+01	8.980e-02
2.181e+01	2.121e-03
2.182e+01	3.392e-02
2.183e+01	3.577e-02
2.183e+01	2.357e-02
2.184e+01	3.973e-02
2.184e+01	7.969e-02
2.185e+01	8.332e-02
2.186e+01	1.912e-02
2.186e+01	4.844e-02
2.187e+01	7.900e-02
2.188e+01	1.111e-01
2.188e+01	6.076e-02
2.189e+01	6.334e-02
2.189e+01	8.873e-02
2.190e+01	2.750e-02
2.191e+01	3.088e-02
2.191e+01	1.488e-01
2.192e+01	1.234e-01
2.192e+01	5.868e-03
2.193e+01	5.112e-02
2.194e+01	1.257e-01
2.194e+01	2.596e-02
2.195e+01	9.419e-02
2.195e+01	1.049e-01
2.196e+01	8.726e-02
2.197e+01	2.877e-02
2.197e+01	9.045e-02
2.198e+01	7.108e-02
2.198e+01	1.566e-02
2.199e+01	5.685e-02
2.200e+01	9.813e-02
2.200e+01	4.159e-02
2.201e+01	3.606e-02
2.202e+01	9.319e-02
2.202e+01	4.190e-02
2.203e+01	1.233e-01
2.203e+01	9.741e-02
2.204e+01	8.688e-02
2.205e+01	5.858e-02
2.205e+01	5.268e-02
2.206e+01	5.465e-02
2.206e+01	1.971e-02
2.207e+01	5.017e-02
2.208e+01	9.524e-02
2.208e+01	1.191e-01
2.209e+01	1.511e-02
2.209e+01	2.041e-02
2.210e+01	6.586e-02
2.211e+01	7.172e-02
2.211e+01	6.503e-02
2.212e+01	1.171e-01
2.213e+01	4.698e-02
2.213e+01	6.102e-02
2.214e+01	6.151e-02
2.214e+01	8.074e-02
2.215e+01	1.209e-02
2.216e+01	4.028e-02
2.216e+01	4.630e-02
2.217e+01	2.798e-02
2.217e+01	8.406e-02
2.218e+01	1.956e-02
2.219e+01	8.380e-02
2.219e+01	5.343e-02
2.220e+01	5.245e-02
2.220e+01	5.488e-02
2.221e+01	6.228e-02
2.222e+01	3.649e-02
2.222e+01	6.592e-02
2.223e+01	8.135e-02
2.224e+01	6.370e-02
2.224e+01	8.750e-02
2.225e+01	1.258e-01
2.225e+01	3.118e-02
2.226e+01	3.542e-02
2.227e+01	9.648e-02
2.227e+01	6.147e-02
2.228e+01	6.811e-02
2.228e+01	2.107e-02
2.229e+01	5.364e-02
2.230e+01	9.148e-02
2.230e+01	1.500e-02
2.231e+01	9.041e-02
2.231e+01	4.644e-02
2.232e+01	7.223e-02
2.233e+01	1.042e-01
2.233e+01	5.751e-02
2.234e+01	9.076e-02
2.234e+01	2.432e-02
2.235e+01	4.949e-02
2.236e+01	7.674e-02
2.236e+01	1.111e-01
2.237e+01	1.544e-01
2.238e+01	7.414e-02
2.238e+01	4.581e-02
2.239e+01	8.466e-02
2.239e+01	6.014e-02
2.240e+01	7.978e-02
2.241e+01	4.588e-02
2.241e+01	7.310e-03
2.242e+01	7.435e-02
2.242e+01	1.256e-01
2.243e+01	1.328e-01
2.244e+01	6.626e-02
2.244e+01	5.926e-02
2.245e+01	4.856e-02
2.245e+01	2.024e-02
2.246e+01	8.862e-02
2.247e+01	2.820e-02
2.247e+01	2.892e-02
2.248e+01	6.037e-02
2.249e+01	1.300e-01
2.249e+01	9.758e-02
2.250e+01	7.179e-02
2.250e+01	4.919e-02
2.251e+01	2.513e-02
2.252e+01	4.783e-02
2.252e+01	8.278e-02
2.253e+01	2.960e-02
2.253e+01	2.509e-02
2.254e+01	5.408e-02
2.255e+01	2.443e-02
2.255e+01	3.499e-02
2.256e+01	9.361e-02
2.256e+01	6.573e-02
2.257e+01	2.577e-02
2.258e+01	7.684e-02
2.258e+01	1.626e-02
2.259e+01	6.195e-02
2.260e+01	8.757e-02
2.260e+01	1.320e-01
2.261e+01	5.876e-02
2.261e+01	5.966e-02
2.262e+01	8.972e-02
2.263e+01	4.768e-02
2.263e+01	1.071e-02
2.264e+01	9.446e-02
2.264e+01	4.153e-02
2.265e+01	5.955e-02
2.266e+01	8.451e-02
2.266e+01	1.090e-01
2.267e+01	4.430e-02
2.267e+01	6.956e-02
2.268e+01	3.924e-02
2.269e+01	6.728e-02
2.269e+01	4.462e-03
2.270e+01	1.306e-01
2.271e+01	1.114e-01
2.271e+01	4.046e-02
2.272e+01	9.710e-02
2.272e+01	1.821e-01
2.273e+01	1.051e-01
2.274e+01	2.975e-02
2.274e+01	1.039e-01
2.275e+01	1.773e-01
2.275e+01	5.129e-02
2.276e+01	1.013e-01
2.277e+01	7.013e-02
2.277e+01	1.311e-01
2.278e+01	6.846e-02
2.278e+01	1.360e-01
2.279e+01	1.337e-01
2.280e+01	9.474e-03
2.280e+01	1.073e-01
2.281e+01	8.957e-02
2.281e+01	6.668e-02
2.282e+01	6.440e-02
2.283e+01	1.290e-01
2.283e+01	7.105e-02
2.284e+01	4.118e-02
2.285e+01	6.950e-02
2.285e+01	1.321e-01
2.286e+01	8.672e-02
2.286e+01	9.747e-03
2.287e+01	9.056e-02
2.288e+01	6.479e-02
2.288e+01	5.518e-02
2.289e+01	7.730e-02
2.289e+01	1.063e-01
2.290e+01	7.603e-02
2.291e+01	1.012e-01
2.291e+01	5.678e-02
2.292e+01	1.032e-01
2.292e+01	1.420e-02
2.293e+01	1.077e-01
2.294e+01	7.098e-02
2.294e+01	2.851e-02
2.295e+01	8.408e-02
2.296e+01	1.060e-01
2.296e+01	7.532e-02
2.297e+01	4.551e-02
2.297e+01	8.544e-02
2.298e+01	1.226e-01
2.299e+01	1.618e-02
2.299e+01	8.292e-02
2.300e+01	1.498e-01
2.300e+01	1.410e-01
2.301e+01	3.214e-02
2.302e+01	7.940e-02
2.302e+01	6.192e-02
2.303e+01	5.055e-02
2.303e+01	8.185e-02
2.304e+01	4.303e-02
2.305e+01	4.465e-02
2.305e+01	4.484e-02
2.306e+01	1.358e-01
2.307e+01	4.963e-02
2.307e+01	7.156e-02
2.308e+01	3.403e-02
2.308e+01	8.419e-02
2.309e+01	1.119e-01
2.310e+01	5.603e-02
2.310e+01	1.146e-01
2.311e+01	1.145e-01
2.311e+01	8.936e-02
2.312e+01	8.320e-02
2.313e+01	9.304e-02
2.313e+01	5.875e-02
2.314e+01	6.660e-02
2.314e+01	1.059e-01
2.315e+01	1.776e-02
2.316e+01	5.518e-02
2.316e+01	1.809e-01
2.317e+01	6.198e-02
2.318e+01	5.711e-02
2.318e+01	4.780e-02
2.319e+01	9.869e-02
2.319e+01	1.183e-01
2.320e+01	2.726e-02
2.321e+01	1.403e-01
2.321e+01	4.900e-02
2.322e+01	4.708e-02
2.322e+01	1.714e-02
2.323e+01	6.181e-02
2.324e+01	7.689e-02
2.324e+01	6.355e-02
2.325e+01	4.822e-02
2.325e+01	8.068e-02
2.326e+01	3.398e-02
2.327e+01	1.222e-01
2.327e+01	9.170e-02
2.328e+01	5.822e-02
2.328e+01	2.161e-02
2.329e+01	1.331e-01
2.330e+01	1.207e-01
2.330e+01	3.502e-02
2.331e+01	5.842e-02
2.332e+01	6.135e-03
2.332e+01	3.371e-02
2.333e+01	4.658e-02
2.333e+01	3.687e-02
2.334e+01	2.169e-02
2.335e+01	2.445e-02
2.335e+01	1.148e-01
2.336e+01	7.047e-02
2.336e+01	1.977e-02
2.337e+01	5.031e-02
2.338e+01	7.994e-02
2.338e+01	4.076e-02
2.339e+01	4.681e-02
2.339e+01	9.594e-02
2.340e+01	4.235e-02
2.341e+01	3.788e-02
2.341e+01	1.640e-02
2.342e+01	1.578e-02
2.343e+01	8.179e-03
2.343e+01	7.659e-02
2.344e+01	1.116e-01
2.344e+01	2.789e-02
2.345e+01	3.690e-02
2.346e+01	2.782e-02
2.346e+01	1.279e-02
2.347e+01	7.207e-02
2.347e+01	5.208e-02
2.348e+01	4.545e-02
2.349e+01	1.371e-02
2.349e+01	1.034e-01
2.350e+01	1.097e-01
2.350e+01	4.757e-02
2.351e+01	6.053e-02
2.352e+01	1.030e-01
2.352e+01	5.555e-02
2.353e+01	1.532e-02
2.354e+01	2.981e-02
2.354e+01	6.810e-02
2.355e+01	5.225e-02
2.355e+01	4.918e-02
2.356e+01	6.205e-02
2.357e+01	2.482e-02
2.357e+01	1.485e-02
2.358e+01	2.002e-02
2.358e+01	1.644e-02
2.359e+01	7.183e-02
2.360e+01	6.224e-02
2.360e+01	3.276e-02
2.361e+01	5.970e-02
2.361e+01	5.311e-02
2.362e+01	6.084e-02
2.363e+01	5.937e-02
2.363e+01	6.757e-02
2.364e+01	8.029e-02
2.365e+01	4.774e-02
2.365e+01	5.600e-02
2.366e+01	2.111e-02
2.366e+01	4.691e-02
2.367e+01	4.404e-02
2.368e+01	1.759e-03
2.368e+01	5.974e-02
2.369e+01	6.249e-02
2.369e+01	1.771e-02
2.370e+01	3.818e-02
2.371e+01	3.303e-02
2.371e+01	5.866e-02
2.372e+01	5.486e-02
2.372e+01	6.643e-02
2.373e+01	7.857e-02
2.374e+01	6.523e-02
2.374e+01	3.669e-02
2.375e+01	9.809e-02
2.375e+01	9.991e-02
2.376e+01	1.480e-02
2.377e+01	5.568e-02
2.377e+01	4.148e-02
2.378e+01	2.380e-02
2.379e+01	9.017e-03
2.379e+01	5.643e-02
2.380e+01	8.203e-03
2.380e+01	3.233e-02
2.381e+01	8.064e-02
2.382e+01	3.084e-02
2.382e+01	6.067e-02
2.383e+01	1.911e-02
2.383e+01	5.213e-02
2.384e+01	1.033e-02
2.385e+01	7.955e-02
2.385e+01	2.837e-02
2.386e+01	4.905e-02
2.386e+01	3.944e-02
2.387e+01	8.894e-02
2.388e+01	1.853e-02
2.388e+01	3.780e-02
2.389e+01	3.148e-02
2.390e+01	4.547e-02
2.390e+01	6.494e-02
2.391e+01	4.412e-02
2.391e+01	1.047e-01
2.392e+01	1.075e-02
2.393e+01	4.827e-02
2.393e+01	3.904e-02
2.394e+01	3.945e-02
2.394e+01	3.645e-02
2.395e+01	1.033e-02
2.396e+01	4.833e-02
2.396e+01	9.252e-02
2.397e+01	2.342e-02
2.397e+01	7.936e-02
2.398e+01	6.992e-02
2.399e+01	7.701e-02
2.399e+01	5.713e-02
2.400e+01	4.824e-02
2.401e+01	2.359e-02
2.401e+01	7.773e-02
2.402e+01	5.494e-02
2.402e+01	3.609e-02
2.403e+01	2.525e-02
2.404e+01	5.782e-02
2.404e+01	2.574e-02
2.405e+01	9.776e-02
2.405e+01	5.821e-02
2.406e+01	6.052e-02
2.407e+01	3.265e-02
2.407e+01	4.902e-02
2.408e+01	2.412e-02
2.408e+01	4.763e-02
2.409e+01	4.541e-02
2.410e+01	9.499e-02
2.410e+01	6.655e-02
2.411e+01	3.932e-02
2.411e+01	6.089e-02
2.412e+01	4.621e-02
2.413e+01	3.512e-02
2.413e+01	2.903e-02
2.414e+01	3.864e-02
2.415e+01	6.965e-02
2.415e+01	6.025e-02
2.416e+01	7.328e-02
2.416e+01	6.018e-02
2.417e+01	4.186e-02
2.418e+01	3.771e-02
2.418e+01	8.542e-02
2.419e+01	6.951e-02
2.419e+01	8.701e-02
2.420e+01	4.259e-02
2.421e+01	7.775e-02
2.421e+01	5.461e-02
2.422e+01	3.179e-02
2.422e+01	6.228e-02
2.423e+01	5.433e-02
2.424e+01	1.965e-02
2.424e+01	8.258e-02
2.425e+01	6.249e-02
2.426e+01	6.146e-02
2.426e+01	8.098e-02
2.427e+01	2.030e-02
2.427e+01	3.896e-02
2.428e+01	4.597e-02
2.429e+01	8.031e-02
2.429e+01	1.907e-02
2.430e+01	3.185e-02
2.430e+01	4.317e-02
2.431e+01	5.455e-02
2.432e+01	6.800e-02
2.432e+01	5.050e-02
2.433e+01	5.108e-02
2.433e+01	6.774e-02
2.434e+01	1.536e-02
2.435e+01	8.857e-02
2.435e+01	7.358e-02
2.436e+01	6.624e-02
2.437e+01	3.697e-02
2.437e+01	6.513e-02
2.438e+01	3.806e-02
2.438e+01	6.373e-02
2.439e+01	5.638e-02
2.440e+01	5.355e-02
2.440e+01	3.476e-02
2.441e+01	4.736e-02
2.441e+01	3.682e-02
2.442e+01	2.285e-02
2.443e+01	3.876e-02
2.443e+01	2.069e-02
2.444e+01	7.292e-02
2.444e+01	3.268e-02
2.445e+01	4.657e-02
2.446e+01	3.297e-02
2.446e+01	5.974e-02
2.447e+01	7.771e-02
2.448e+01	2.984e-02
2.448e+01	2.325e-02
2.449e+01	2.827e-02
2.449e+01	6.065e-02
2.450e+01	4.560e-02
2.451e+01	6.584e-02
2.451e+01	9.924e-02
2.452e+01	2.118e-02
2.452e+01	7.306e-02
2.453e+01	2.706e-02
2.454e+01	9.491e-02
2.454e+01	4.906e-02
2.455e+01	9.944e-03
2.455e+01	4.995e-02
2.456e+01	4.192e-02
2.457e+01	2.841e-02
2.457e+01	3.649e-02
2.458e+01	4.160e-02
2.458e+01	3.664e-02
2.459e+01	2.995e-02
2.460e+01	4.900e-02
2.460e+01	6.808e-02
2.461e+01	4.790e-02
2.462e+01	7.652e-02
2.462e+01	2.510e-02
2.463e+01	1.152e-01
2.463e+01	4.597e-02
2.464e+01	3.629e-02
2.465e+01	6.743e-02
2.465e+01	2.482e-02
2.466e+01	1.057e-01
2.466e+01	7.565e-02
2.467e+01	9.345e-02
2.468e+01	7.674e-02
2.468e+01	5.931e-02
2.469e+01	1.333e-02
2.469e+01	2.377e-02
2.470e+01	3.225e-02
2.471e+01	2.385e-02
2.471e+01	4.049e-02
2.472e+01	3.920e-02
2.473e+01	2.906e-02
2.473e+01	4.592e-02
2.474e+01	4.582e-02
2.474e+01	6.304e-02
2.475e+01	1.025e-01
2.476e+01	2.348e-02
2.476e+01	6.115e-02
2.477e+01	2.897e-02
2.477e+01	7.492e-02
2.478e+01	2.245e-02
2.479e+01	5.729e-02
2.479e+01	3.060e-02
2.480e+01	5.692e-02
2.480e+01	3.199e-02
2.481e+01	7.786e-02
2.482e+01	5.120e-02
2.482e+01	5.318e-02
2.483e+01	2.356e-03
2.484e+01	2.421e-02
2.484e+01	6.756e-02
2.485e+01	6.586e-02
2.485e+01	4.414e-02
2.486e+01	7.104e-02
2.487e+01	6.162e-02
2.487e+01	1.325e-02
2.488e+01	4.975e-02
2.488e+01	8.040e-02
2.489e+01	8.674e-02
2.490e+01	5.179e-02
2.490e+01	4.872e-02
2.491e+01	8.338e-03
2.491e+01	2.414e-02
2.492e+01	3.806e-02
2.493e+01	2.219e-02
2.493e+01	9.741e-02
2.494e+01	2.986e-02
2.495e+01	3.314e-02
2.495e+01	9.043e-02
2.496e+01	2.322e-02
2.496e+01	1.215e-01
2.497e+01	2.492e-02
2.498e+01	7.311e-02
2.498e+01	1.294e-01
2.499e+01	6.679e-02
2.499e+01	3.676e-01
