[front_panel]
mode=T2 - R2
output=5 dB
gain=10 dB
probe1=2 MHz
probe2=no probe

[measure]
selection=1
samplerate=1
begin=0
end=100
sound speed=2730
units=0

[ascan]
fft filter=0
fft middle=2
fft width=2
fft gate=5
cepstrum filter=0
cepstrum middle=0
cepstrum width=20
cepstrum gate=20

Frequency [MHz]	FFT	
0,000E+00	1,947E+00	
6,104E-03	9,094E-01	
1,221E-02	3,185E-01	
1,831E-02	2,171E-01	
2,441E-02	3,696E-01	
3,052E-02	3,703E-01	
3,662E-02	3,802E-01	
4,272E-02	5,547E-01	
4,883E-02	3,582E-01	
5,493E-02	2,596E-01	
6,104E-02	2,133E-01	
6,714E-02	1,416E-01	
7,324E-02	2,413E-01	
7,935E-02	2,356E-01	
8,545E-02	2,555E-01	
9,155E-02	3,007E-01	
9,766E-02	3,606E-01	
1,038E-01	4,197E-01	
1,099E-01	3,256E-01	
1,160E-01	5,054E-01	
1,221E-01	6,082E-01	
1,282E-01	3,946E-01	
1,343E-01	4,821E-01	
1,404E-01	5,514E-01	
1,465E-01	5,912E-01	
1,526E-01	4,734E-01	
1,587E-01	4,260E-01	
1,648E-01	5,360E-01	
1,709E-01	1,944E-01	
1,770E-01	6,603E-01	
1,831E-01	8,466E-01	
1,892E-01	3,417E-01	
1,953E-01	3,905E-01	
2,014E-01	5,063E-01	
2,075E-01	3,774E-01	
2,136E-01	3,529E-01	
2,197E-01	7,064E-01	
2,258E-01	6,511E-01	
2,319E-01	4,397E-01	
2,380E-01	7,204E-01	
2,441E-01	4,713E-01	
2,502E-01	5,389E-01	
2,563E-01	4,561E-01	
2,625E-01	6,393E-01	
2,686E-01	3,408E-01	
2,747E-01	5,007E-01	
2,808E-01	4,559E-01	
2,869E-01	8,211E-01	
2,930E-01	3,455E-01	
2,991E-01	3,263E-01	
3,052E-01	4,291E-01	
3,113E-01	6,213E-01	
3,174E-01	2,722E-01	
3,235E-01	5,130E-01	
3,296E-01	8,200E-01	
3,357E-01	3,369E-01	
3,418E-01	2,211E-01	
3,479E-01	6,140E-01	
3,540E-01	7,561E-01	
3,601E-01	2,999E-01	
3,662E-01	1,954E-01	
3,723E-01	6,721E-01	
3,784E-01	4,978E-01	
3,845E-01	4,984E-01	
3,906E-01	4,919E-01	
3,967E-01	7,397E-01	
4,028E-01	3,164E-01	
4,089E-01	2,458E-01	
4,150E-01	4,000E-01	
4,211E-01	5,754E-01	
4,272E-01	2,615E-02	
4,333E-01	6,580E-01	
4,395E-01	6,473E-01	
4,456E-01	1,867E-01	
4,517E-01	4,434E-01	
4,578E-01	7,719E-01	
4,639E-01	3,530E-01	
4,700E-01	3,117E-01	
4,761E-01	1,509E-01	
4,822E-01	6,164E-01	
4,883E-01	2,514E-01	
4,944E-01	6,825E-01	
5,005E-01	5,092E-01	
5,066E-01	4,980E-01	
5,127E-01	1,710E-01	
5,188E-01	6,236E-01	
5,249E-01	8,456E-01	
5,310E-01	2,869E-01	
5,371E-01	6,229E-01	
5,432E-01	5,352E-01	
5,493E-01	5,721E-01	
5,554E-01	2,010E-01	
5,615E-01	6,363E-01	
5,676E-01	5,587E-01	
5,737E-01	1,870E-01	
5,798E-01	7,365E-01	
5,859E-01	7,403E-01	
5,920E-01	5,821E-01	
5,981E-01	4,279E-01	
6,042E-01	7,169E-01	
6,104E-01	8,469E-01	
6,165E-01	2,362E-01	
6,226E-01	4,166E-01	
6,287E-01	9,769E-01	
6,348E-01	8,545E-01	
6,409E-01	3,128E-01	
6,470E-01	6,138E-01	
6,531E-01	1,040E+00	
6,592E-01	2,159E-01	
6,653E-01	1,069E+00	
6,714E-01	1,026E+00	
6,775E-01	6,839E-01	
6,836E-01	2,919E-01	
6,897E-01	1,214E+00	
6,958E-01	8,931E-01	
7,019E-01	5,733E-01	
7,080E-01	4,818E-01	
7,141E-01	1,496E+00	
7,202E-01	8,947E-01	
7,263E-01	5,649E-01	
7,324E-01	1,279E+00	
7,385E-01	1,556E+00	
7,446E-01	4,161E-01	
7,507E-01	7,861E-01	
7,568E-01	1,035E+00	
7,629E-01	3,794E-01	
7,690E-01	1,283E+00	
7,751E-01	1,099E+00	
7,813E-01	8,812E-01	
7,874E-01	9,590E-02	
7,935E-01	1,450E+00	
7,996E-01	1,288E+00	
8,057E-01	1,018E+00	
8,118E-01	5,618E-01	
8,179E-01	1,431E+00	
8,240E-01	1,127E+00	
8,301E-01	7,632E-01	
8,362E-01	1,619E+00	
8,423E-01	1,721E+00	
8,484E-01	8,819E-01	
8,545E-01	1,152E+00	
8,606E-01	1,633E+00	
8,667E-01	1,158E+00	
8,728E-01	5,034E-01	
8,789E-01	1,114E+00	
8,850E-01	1,569E+00	
8,911E-01	4,064E-01	
8,972E-01	1,749E+00	
9,033E-01	1,979E+00	
9,094E-01	9,933E-01	
9,155E-01	8,850E-01	
9,216E-01	1,574E+00	
9,277E-01	1,454E+00	
9,338E-01	9,825E-01	
9,399E-01	1,641E+00	
9,460E-01	1,818E+00	
9,521E-01	1,148E+00	
9,583E-01	1,327E+00	
9,644E-01	2,282E+00	
9,705E-01	1,578E+00	
9,766E-01	1,273E+00	
9,827E-01	1,987E+00	
9,888E-01	1,743E+00	
9,949E-01	1,187E+00	
1,001E+00	1,402E+00	
1,007E+00	1,901E+00	
1,013E+00	1,048E+00	
1,019E+00	1,272E+00	
1,025E+00	1,672E+00	
1,031E+00	1,942E+00	
1,038E+00	1,382E+00	
1,044E+00	1,959E+00	
1,050E+00	2,593E+00	
1,056E+00	1,606E+00	
1,062E+00	1,878E+00	
1,068E+00	2,483E+00	
1,074E+00	2,068E+00	
1,080E+00	1,799E+00	
1,086E+00	2,308E+00	
1,093E+00	2,358E+00	
1,099E+00	1,832E+00	
1,105E+00	2,276E+00	
1,111E+00	2,418E+00	
1,117E+00	1,981E+00	
1,123E+00	1,905E+00	
1,129E+00	2,570E+00	
1,135E+00	1,480E+00	
1,141E+00	1,551E+00	
1,147E+00	2,436E+00	
1,154E+00	2,499E+00	
1,160E+00	1,672E+00	
1,166E+00	2,945E+00	
1,172E+00	3,667E+00	
1,178E+00	2,638E+00	
1,184E+00	3,243E+00	
1,190E+00	4,365E+00	
1,196E+00	3,430E+00	
1,202E+00	1,898E+00	
1,208E+00	3,246E+00	
1,215E+00	3,166E+00	
1,221E+00	2,164E+00	
1,227E+00	2,414E+00	
1,233E+00	3,026E+00	
1,239E+00	8,632E-01	
1,245E+00	2,088E+00	
1,251E+00	4,289E+00	
1,257E+00	3,609E+00	
1,263E+00	9,683E-01	
1,270E+00	4,116E+00	
1,276E+00	4,997E+00	
1,282E+00	3,390E+00	
1,288E+00	3,913E+00	
1,294E+00	5,666E+00	
1,300E+00	4,257E+00	
1,306E+00	1,213E+00	
1,312E+00	3,560E+00	
1,318E+00	4,504E+00	
1,324E+00	2,025E+00	
1,331E+00	2,969E+00	
1,337E+00	4,509E+00	
1,343E+00	2,535E+00	
1,349E+00	3,012E+00	
1,355E+00	6,177E+00	
1,361E+00	6,575E+00	
1,367E+00	2,314E+00	
1,373E+00	3,296E+00	
1,379E+00	5,114E+00	
1,385E+00	3,023E+00	
1,392E+00	2,645E+00	
1,398E+00	5,364E+00	
1,404E+00	3,854E+00	
1,410E+00	1,741E+00	
1,416E+00	6,786E+00	
1,422E+00	7,851E+00	
1,428E+00	4,907E+00	
1,434E+00	2,513E+00	
1,440E+00	6,363E+00	
1,447E+00	4,836E+00	
1,453E+00	2,140E+00	
1,459E+00	6,133E+00	
1,465E+00	7,038E+00	
1,471E+00	4,205E+00	
1,477E+00	5,708E+00	
1,483E+00	7,976E+00	
1,489E+00	5,603E+00	
1,495E+00	1,817E+00	
1,501E+00	5,497E+00	
1,508E+00	4,542E+00	
1,514E+00	1,448E+00	
1,520E+00	6,409E+00	
1,526E+00	8,190E+00	
1,532E+00	4,982E+00	
1,538E+00	2,503E+00	
1,544E+00	6,683E+00	
1,550E+00	5,812E+00	
1,556E+00	1,306E+00	
1,563E+00	3,860E+00	
1,569E+00	4,891E+00	
1,575E+00	2,697E+00	
1,581E+00	6,734E+00	
1,587E+00	1,012E+01	
1,593E+00	7,806E+00	
1,599E+00	3,352E+00	
1,605E+00	7,362E+00	
1,611E+00	8,252E+00	
1,617E+00	2,967E+00	
1,624E+00	3,457E+00	
1,630E+00	6,608E+00	
1,636E+00	5,050E+00	
1,642E+00	3,686E+00	
1,648E+00	6,460E+00	
1,654E+00	6,158E+00	
1,660E+00	2,603E+00	
1,666E+00	2,347E+00	
1,672E+00	3,541E+00	
1,678E+00	6,078E-01	
1,685E+00	4,473E+00	
1,691E+00	7,735E+00	
1,697E+00	7,259E+00	
1,703E+00	5,552E+00	
1,709E+00	7,835E+00	
1,715E+00	8,998E+00	
1,721E+00	4,406E+00	
1,727E+00	2,035E+00	
1,733E+00	4,895E+00	
1,740E+00	3,517E+00	
1,746E+00	2,042E+00	
1,752E+00	6,303E+00	
1,758E+00	7,703E+00	
1,764E+00	6,029E+00	
1,770E+00	3,056E+00	
1,776E+00	2,720E+00	
1,782E+00	2,217E+00	
1,788E+00	2,016E+00	
1,794E+00	2,663E+00	
1,801E+00	2,331E+00	
1,807E+00	4,272E+00	
1,813E+00	7,373E+00	
1,819E+00	8,201E+00	
1,825E+00	5,980E+00	
1,831E+00	3,921E+00	
1,837E+00	4,841E+00	
1,843E+00	4,008E+00	
1,849E+00	6,195E-01	
1,855E+00	3,132E+00	
1,862E+00	3,643E+00	
1,868E+00	2,635E+00	
1,874E+00	3,920E+00	
1,880E+00	5,460E+00	
1,886E+00	4,228E+00	
1,892E+00	1,527E+00	
1,898E+00	1,327E+00	
1,904E+00	1,110E+00	
1,910E+00	2,675E+00	
1,917E+00	4,766E+00	
1,923E+00	5,483E+00	
1,929E+00	4,738E+00	
1,935E+00	5,486E+00	
1,941E+00	6,995E+00	
1,947E+00	5,549E+00	
1,953E+00	1,752E+00	
1,959E+00	1,819E+00	
1,965E+00	2,684E+00	
1,971E+00	4,801E-01	
1,978E+00	4,098E+00	
1,984E+00	5,163E+00	
1,990E+00	4,154E+00	
1,996E+00	2,711E+00	
2,002E+00	4,023E+00	
2,008E+00	3,266E+00	
2,014E+00	1,933E+00	
2,020E+00	3,076E+00	
2,026E+00	4,233E+00	
2,032E+00	2,828E+00	
2,039E+00	4,699E+00	
2,045E+00	7,965E+00	
2,051E+00	8,050E+00	
2,057E+00	4,468E+00	
2,063E+00	4,196E+00	
2,069E+00	5,947E+00	
2,075E+00	3,555E+00	
2,081E+00	2,186E+00	
2,087E+00	5,180E+00	
2,094E+00	3,667E+00	
2,100E+00	1,881E+00	
2,106E+00	5,761E+00	
2,112E+00	7,116E+00	
2,118E+00	4,272E+00	
2,124E+00	3,967E-01	
2,130E+00	2,833E+00	
2,136E+00	1,064E+00	
2,142E+00	4,154E+00	
2,148E+00	8,028E+00	
2,155E+00	8,442E+00	
2,161E+00	4,460E+00	
2,167E+00	5,829E+00	
2,173E+00	9,818E+00	
2,179E+00	8,610E+00	
2,185E+00	2,827E+00	
2,191E+00	3,436E+00	
2,197E+00	4,000E+00	
2,203E+00	3,226E-01	
2,209E+00	5,211E+00	
2,216E+00	7,983E+00	
2,222E+00	5,359E+00	
2,228E+00	1,120E+00	
2,234E+00	4,968E+00	
2,240E+00	5,888E+00	
2,246E+00	4,013E+00	
2,252E+00	6,412E+00	
2,258E+00	6,975E+00	
2,264E+00	2,725E+00	
2,271E+00	6,057E+00	
2,277E+00	1,214E+01	
2,283E+00	1,252E+01	
2,289E+00	6,485E+00	
2,295E+00	2,065E+00	
2,301E+00	6,202E+00	
2,307E+00	4,899E+00	
2,313E+00	3,451E+00	
2,319E+00	6,933E+00	
2,325E+00	6,313E+00	
2,332E+00	2,869E+00	
2,338E+00	6,817E+00	
2,344E+00	8,651E+00	
2,350E+00	5,918E+00	
2,356E+00	3,922E+00	
2,362E+00	5,380E+00	
2,368E+00	2,812E+00	
2,374E+00	4,513E+00	
2,380E+00	1,080E+01	
2,386E+00	1,192E+01	
2,393E+00	6,853E+00	
2,399E+00	2,087E+00	
2,405E+00	7,409E+00	
2,411E+00	8,026E+00	
2,417E+00	4,089E+00	
2,423E+00	5,179E+00	
2,429E+00	6,072E+00	
2,435E+00	1,621E+00	
2,441E+00	4,936E+00	
2,448E+00	8,634E+00	
2,454E+00	7,451E+00	
2,460E+00	3,018E+00	
2,466E+00	2,026E+00	
2,472E+00	3,405E+00	
2,478E+00	3,925E+00	
2,484E+00	7,468E+00	
2,490E+00	7,908E+00	
2,496E+00	4,143E+00	
2,502E+00	2,266E+00	
2,509E+00	7,750E+00	
2,515E+00	9,455E+00	
2,521E+00	6,633E+00	
2,527E+00	2,616E+00	
2,533E+00	2,853E+00	
2,539E+00	2,325E+00	
2,545E+00	2,743E+00	
2,551E+00	5,492E+00	
2,557E+00	5,088E+00	
2,563E+00	1,900E+00	
2,570E+00	2,721E+00	
2,576E+00	4,504E+00	
2,582E+00	5,151E+00	
2,588E+00	4,951E+00	
2,594E+00	4,837E+00	
2,600E+00	3,012E+00	
2,606E+00	1,181E+00	
2,612E+00	4,866E+00	
2,618E+00	6,131E+00	
2,625E+00	4,810E+00	
2,631E+00	1,519E+00	
2,637E+00	2,238E+00	
2,643E+00	3,676E+00	
2,649E+00	3,250E+00	
2,655E+00	3,134E+00	
2,661E+00	2,983E+00	
2,667E+00	1,099E+00	
2,673E+00	1,242E+00	
2,679E+00	3,574E+00	
2,686E+00	3,525E+00	
2,692E+00	3,044E+00	
2,698E+00	1,664E+00	
2,704E+00	1,353E+00	
2,710E+00	2,081E+00	
2,716E+00	3,438E+00	
2,722E+00	4,491E+00	
2,728E+00	3,915E+00	
2,734E+00	2,240E+00	
2,740E+00	5,750E-01	
2,747E+00	2,629E+00	
2,753E+00	2,932E+00	
2,759E+00	1,939E+00	
2,765E+00	8,399E-01	
2,771E+00	3,325E-01	
2,777E+00	6,044E-01	
2,783E+00	2,172E+00	
2,789E+00	2,577E+00	
2,795E+00	1,906E+00	
2,802E+00	8,240E-01	
2,808E+00	6,511E-01	
2,814E+00	2,049E+00	
2,820E+00	2,720E+00	
2,826E+00	3,293E+00	
2,832E+00	2,668E+00	
2,838E+00	1,239E+00	
2,844E+00	4,328E-01	
2,850E+00	1,553E+00	
2,856E+00	2,696E+00	
2,863E+00	2,312E+00	
2,869E+00	1,280E+00	
2,875E+00	9,360E-02	
2,881E+00	3,648E-01	
2,887E+00	7,658E-01	
2,893E+00	4,791E-01	
2,899E+00	1,138E+00	
2,905E+00	2,309E-01	
2,911E+00	3,986E-01	
2,917E+00	1,950E+00	
2,924E+00	2,609E+00	
2,930E+00	2,304E+00	
2,936E+00	2,501E+00	
2,942E+00	2,449E+00	
2,948E+00	1,973E+00	
2,954E+00	1,753E+00	
2,960E+00	1,741E+00	
2,966E+00	2,189E+00	
2,972E+00	2,183E+00	
2,979E+00	1,377E+00	
2,985E+00	6,283E-01	
2,991E+00	4,576E-01	
2,997E+00	3,494E-01	
3,003E+00	4,910E-01	
3,009E+00	8,773E-01	
3,015E+00	8,440E-01	
3,021E+00	9,453E-01	
3,027E+00	1,134E+00	
3,033E+00	1,920E+00	
3,040E+00	1,953E+00	
3,046E+00	9,980E-01	
3,052E+00	9,889E-01	
3,058E+00	1,065E+00	
3,064E+00	1,259E+00	
3,070E+00	1,043E+00	
3,076E+00	1,767E+00	
3,082E+00	1,024E+00	
3,088E+00	5,162E-01	
3,094E+00	1,943E+00	
3,101E+00	1,518E+00	
3,107E+00	1,343E+00	
3,113E+00	9,131E-01	
3,119E+00	1,116E+00	
3,125E+00	6,680E-01	
3,131E+00	5,611E-01	
3,137E+00	1,367E+00	
3,143E+00	1,265E+00	
3,149E+00	8,656E-01	
3,156E+00	6,141E-01	
3,162E+00	1,643E+00	
3,168E+00	1,938E+00	
3,174E+00	1,382E+00	
3,180E+00	1,239E+00	
3,186E+00	9,438E-01	
3,192E+00	2,780E-01	
3,198E+00	1,618E+00	
3,204E+00	1,700E+00	
3,210E+00	1,551E+00	
3,217E+00	9,554E-01	
3,223E+00	9,393E-01	
3,229E+00	1,713E+00	
3,235E+00	8,166E-01	
3,241E+00	1,010E+00	
3,247E+00	1,273E+00	
3,253E+00	1,112E+00	
3,259E+00	1,064E+00	
3,265E+00	9,586E-01	
3,271E+00	1,748E+00	
3,278E+00	1,277E+00	
3,284E+00	1,030E+00	
3,290E+00	1,351E+00	
3,296E+00	9,881E-01	
3,302E+00	1,036E+00	
3,308E+00	1,907E+00	
3,314E+00	1,597E+00	
3,320E+00	8,821E-01	
3,326E+00	3,750E-01	
3,333E+00	1,535E+00	
3,339E+00	1,103E+00	
3,345E+00	1,540E+00	
3,351E+00	1,175E+00	
3,357E+00	1,585E+00	
3,363E+00	7,918E-01	
3,369E+00	1,234E+00	
3,375E+00	1,638E+00	
3,381E+00	1,204E+00	
3,387E+00	7,473E-01	
3,394E+00	1,026E+00	
3,400E+00	1,071E+00	
3,406E+00	1,008E+00	
3,412E+00	1,506E+00	
3,418E+00	1,991E+00	
3,424E+00	7,378E-01	
3,430E+00	1,449E+00	
3,436E+00	1,455E+00	
3,442E+00	1,195E+00	
3,448E+00	9,674E-01	
3,455E+00	8,740E-01	
3,461E+00	9,552E-01	
3,467E+00	9,845E-01	
3,473E+00	7,825E-01	
3,479E+00	1,442E+00	
3,485E+00	1,626E+00	
3,491E+00	7,181E-01	
3,497E+00	1,389E+00	
3,503E+00	1,478E+00	
3,510E+00	1,133E+00	
3,516E+00	1,220E+00	
3,522E+00	9,960E-01	
3,528E+00	1,133E+00	
3,534E+00	5,036E-01	
3,540E+00	1,096E+00	
3,546E+00	1,378E+00	
3,552E+00	8,952E-01	
3,558E+00	6,766E-01	
3,564E+00	1,060E+00	
3,571E+00	7,524E-01	
3,577E+00	1,247E+00	
3,583E+00	1,347E+00	
3,589E+00	1,154E+00	
3,595E+00	7,970E-01	
3,601E+00	1,099E+00	
3,607E+00	9,098E-01	
3,613E+00	1,334E+00	
3,619E+00	1,069E+00	
3,625E+00	1,208E+00	
3,632E+00	9,392E-01	
3,638E+00	6,258E-01	
3,644E+00	1,276E+00	
3,650E+00	7,551E-01	
3,656E+00	1,295E+00	
3,662E+00	5,256E-01	
3,668E+00	9,256E-01	
3,674E+00	9,057E-01	
3,680E+00	1,174E+00	
3,687E+00	9,828E-01	
3,693E+00	1,022E+00	
3,699E+00	9,474E-01	
3,705E+00	7,162E-01	
3,711E+00	1,398E+00	
3,717E+00	9,441E-01	
3,723E+00	1,509E+00	
3,729E+00	3,018E-01	
3,735E+00	1,015E+00	
3,741E+00	6,591E-01	
3,748E+00	1,274E+00	
3,754E+00	9,866E-01	
3,760E+00	8,220E-01	
3,766E+00	6,424E-01	
3,772E+00	8,111E-01	
3,778E+00	6,542E-01	
3,784E+00	1,149E+00	
3,790E+00	3,985E-01	
3,796E+00	9,703E-01	
3,802E+00	7,414E-01	
3,809E+00	1,168E+00	
3,815E+00	1,092E+00	
3,821E+00	8,412E-01	
3,827E+00	8,419E-01	
3,833E+00	1,020E+00	
3,839E+00	4,342E-01	
3,845E+00	9,626E-01	
3,851E+00	8,470E-01	
3,857E+00	9,206E-01	
3,864E+00	4,433E-01	
3,870E+00	4,285E-01	
3,876E+00	9,008E-01	
3,882E+00	6,519E-01	
3,888E+00	9,451E-01	
3,894E+00	6,186E-01	
3,900E+00	1,229E+00	
3,906E+00	6,212E-01	
3,912E+00	8,315E-01	
3,918E+00	5,100E-01	
3,925E+00	7,601E-01	
3,931E+00	8,299E-01	
3,937E+00	7,439E-01	
3,943E+00	5,598E-01	
3,949E+00	7,821E-01	
3,955E+00	8,061E-01	
3,961E+00	5,186E-01	
3,967E+00	3,286E-01	
3,973E+00	6,287E-01	
3,979E+00	6,471E-01	
3,986E+00	7,817E-01	
3,992E+00	8,103E-01	
3,998E+00	8,551E-01	
4,004E+00	7,776E-01	
4,010E+00	5,018E-01	
4,016E+00	1,107E+00	
4,022E+00	3,071E-01	
4,028E+00	5,114E-01	
4,034E+00	4,498E-01	
4,041E+00	4,583E-01	
4,047E+00	7,274E-01	
4,053E+00	9,017E-01	
4,059E+00	5,852E-01	
4,065E+00	7,089E-01	
4,071E+00	3,991E-01	
4,077E+00	3,481E-01	
4,083E+00	5,606E-01	
4,089E+00	2,998E-01	
4,095E+00	5,924E-01	
4,102E+00	3,351E-01	
4,108E+00	2,910E-01	
4,114E+00	9,263E-01	
4,120E+00	4,962E-01	
4,126E+00	4,552E-01	
4,132E+00	3,664E-01	
4,138E+00	3,935E-01	
4,144E+00	7,790E-01	
4,150E+00	6,917E-01	
4,156E+00	6,061E-01	
4,163E+00	3,906E-01	
4,169E+00	1,148E-01	
4,175E+00	6,484E-01	
4,181E+00	3,337E-01	
4,187E+00	4,783E-01	
4,193E+00	1,633E-01	
4,199E+00	5,783E-01	
4,205E+00	4,325E-01	
4,211E+00	9,493E-01	
4,218E+00	2,559E-01	
4,224E+00	4,051E-01	
4,230E+00	2,116E-01	
4,236E+00	1,846E-01	
4,242E+00	6,567E-01	
4,248E+00	5,093E-01	
4,254E+00	4,570E-01	
4,260E+00	3,753E-01	
4,266E+00	1,834E-01	
4,272E+00	6,374E-01	
4,279E+00	4,187E-01	
4,285E+00	6,852E-01	
4,291E+00	9,443E-02	
4,297E+00	9,190E-01	
4,303E+00	9,590E-02	
4,309E+00	7,606E-01	
4,315E+00	6,934E-02	
4,321E+00	1,953E-01	
4,327E+00	7,343E-01	
4,333E+00	1,981E-01	
4,340E+00	2,362E-01	
4,346E+00	8,548E-01	
4,352E+00	7,208E-01	
4,358E+00	6,428E-01	
4,364E+00	8,047E-01	
4,370E+00	3,984E-01	
4,376E+00	8,485E-01	
4,382E+00	7,534E-01	
4,388E+00	4,574E-01	
4,395E+00	4,957E-01	
4,401E+00	6,843E-01	
4,407E+00	8,728E-01	
4,413E+00	5,699E-01	
4,419E+00	3,836E-01	
4,425E+00	8,103E-01	
4,431E+00	7,966E-01	
4,437E+00	7,530E-01	
4,443E+00	4,950E-01	
4,449E+00	1,147E+00	
4,456E+00	1,992E-01	
4,462E+00	1,010E+00	
4,468E+00	4,221E-01	
4,474E+00	8,942E-01	
4,480E+00	7,285E-01	
4,486E+00	7,025E-01	
4,492E+00	8,981E-01	
4,498E+00	5,825E-01	
4,504E+00	1,083E+00	
4,510E+00	5,993E-01	
4,517E+00	1,093E+00	
4,523E+00	4,142E-01	
4,529E+00	9,565E-01	
4,535E+00	5,536E-01	
4,541E+00	9,695E-01	
4,547E+00	7,791E-01	
4,553E+00	1,083E+00	
4,559E+00	3,164E-01	
4,565E+00	7,037E-01	
4,572E+00	8,137E-01	
4,578E+00	6,113E-01	
4,584E+00	5,007E-01	
4,590E+00	1,052E+00	
4,596E+00	1,052E+00	
4,602E+00	1,297E+00	
4,608E+00	3,609E-01	
4,614E+00	9,333E-01	
4,620E+00	7,316E-01	
4,626E+00	7,023E-01	
4,633E+00	1,106E+00	
4,639E+00	6,904E-01	
4,645E+00	1,163E+00	
4,651E+00	6,612E-01	
4,657E+00	1,078E+00	
4,663E+00	4,756E-01	
4,669E+00	8,786E-01	
4,675E+00	1,194E+00	
4,681E+00	9,314E-01	
4,688E+00	1,001E+00	
4,694E+00	4,735E-01	
4,700E+00	8,100E-01	
4,706E+00	8,471E-01	
4,712E+00	1,047E+00	
4,718E+00	1,464E+00	
4,724E+00	5,316E-01	
4,730E+00	8,714E-01	
4,736E+00	1,171E+00	
4,742E+00	1,007E+00	
4,749E+00	6,647E-01	
4,755E+00	1,275E+00	
4,761E+00	9,265E-01	
4,767E+00	9,458E-01	
4,773E+00	5,826E-01	
4,779E+00	1,216E+00	
4,785E+00	1,062E+00	
4,791E+00	1,032E+00	
4,797E+00	8,229E-01	
4,803E+00	5,550E-01	
4,810E+00	1,159E+00	
4,816E+00	1,398E+00	
4,822E+00	1,059E+00	
4,828E+00	9,560E-01	
4,834E+00	4,933E-01	
4,840E+00	1,282E+00	
4,846E+00	1,104E+00	
4,852E+00	5,979E-01	
4,858E+00	1,017E+00	
4,865E+00	9,028E-01	
4,871E+00	9,449E-01	
4,877E+00	1,094E+00	
4,883E+00	1,216E+00	
4,889E+00	1,294E+00	
4,895E+00	7,492E-01	
4,901E+00	7,105E-01	
4,907E+00	1,126E+00	
4,913E+00	1,059E+00	
4,919E+00	7,948E-01	
4,926E+00	1,058E+00	
4,932E+00	9,472E-01	
4,938E+00	6,985E-01	
4,944E+00	8,295E-01	
4,950E+00	1,424E+00	
4,956E+00	9,413E-01	
4,962E+00	1,109E+00	
4,968E+00	9,798E-01	
4,974E+00	9,958E-01	
4,980E+00	7,049E-01	
4,987E+00	1,157E+00	
4,993E+00	8,399E-01	
4,999E+00	5,129E-01	
5,005E+00	6,864E-01	
5,011E+00	1,285E+00	
5,017E+00	9,765E-01	
5,023E+00	7,411E-01	
5,029E+00	1,057E+00	
5,035E+00	1,136E+00	
5,042E+00	7,591E-01	
5,048E+00	6,736E-01	
5,054E+00	1,597E+00	
5,060E+00	8,933E-01	
5,066E+00	8,146E-01	
5,072E+00	6,160E-01	
5,078E+00	8,587E-01	
5,084E+00	4,845E-01	
5,090E+00	8,540E-01	
5,096E+00	1,066E+00	
5,103E+00	4,676E-01	
5,109E+00	8,354E-01	
5,115E+00	1,053E+00	
5,121E+00	1,000E+00	
5,127E+00	5,829E-01	
5,133E+00	7,593E-01	
5,139E+00	1,261E+00	
5,145E+00	7,115E-01	
5,151E+00	4,622E-01	
5,157E+00	7,266E-01	
5,164E+00	8,692E-01	
5,170E+00	3,926E-01	
5,176E+00	1,061E+00	
5,182E+00	1,581E+00	
5,188E+00	5,102E-01	
5,194E+00	6,246E-01	
5,200E+00	7,684E-01	
5,206E+00	8,971E-01	
5,212E+00	5,067E-01	
5,219E+00	9,151E-01	
5,225E+00	1,524E+00	
5,231E+00	8,890E-01	
5,237E+00	5,852E-01	
5,243E+00	1,488E+00	
5,249E+00	1,074E+00	
5,255E+00	6,677E-01	
5,261E+00	1,162E+00	
5,267E+00	8,826E-01	
5,273E+00	3,844E-01	
5,280E+00	6,560E-01	
5,286E+00	1,189E+00	
5,292E+00	3,934E-01	
5,298E+00	3,991E-01	
5,304E+00	9,524E-01	
5,310E+00	9,546E-01	
5,316E+00	2,553E-01	
5,322E+00	7,937E-01	
5,328E+00	8,060E-01	
5,334E+00	1,680E-01	
5,341E+00	7,607E-01	
5,347E+00	1,190E+00	
5,353E+00	8,121E-01	
5,359E+00	2,032E-01	
5,365E+00	9,693E-01	
5,371E+00	1,043E+00	
5,377E+00	5,758E-01	
5,383E+00	2,132E-01	
5,389E+00	1,016E+00	
5,396E+00	4,786E-01	
5,402E+00	5,101E-02	
5,408E+00	9,928E-01	
5,414E+00	1,291E+00	
5,420E+00	1,500E-01	
5,426E+00	1,365E-01	
5,432E+00	8,948E-01	
5,438E+00	6,379E-01	
5,444E+00	5,766E-01	
5,450E+00	1,086E+00	
5,457E+00	8,277E-01	
5,463E+00	4,913E-01	
5,469E+00	7,229E-01	
5,475E+00	1,186E+00	
5,481E+00	3,473E-01	
5,487E+00	1,529E-01	
5,493E+00	8,415E-01	
5,499E+00	5,384E-01	
5,505E+00	4,288E-01	
5,511E+00	9,164E-01	
5,518E+00	1,308E+00	
5,524E+00	5,530E-01	
5,530E+00	4,064E-01	
5,536E+00	9,134E-01	
5,542E+00	4,396E-01	
5,548E+00	3,548E-02	
5,554E+00	8,490E-01	
5,560E+00	8,021E-01	
5,566E+00	1,741E-01	
5,573E+00	7,308E-01	
5,579E+00	1,363E+00	
5,585E+00	6,506E-01	
5,591E+00	3,965E-01	
5,597E+00	7,738E-01	
5,603E+00	6,173E-01	
5,609E+00	1,259E-01	
5,615E+00	7,775E-01	
5,621E+00	1,102E+00	
5,627E+00	7,433E-01	
5,634E+00	7,832E-01	
5,640E+00	1,091E+00	
5,646E+00	6,017E-01	
5,652E+00	1,670E-01	
5,658E+00	1,009E+00	
5,664E+00	1,045E+00	
5,670E+00	5,516E-01	
5,676E+00	3,544E-01	
5,682E+00	7,238E-01	
5,688E+00	3,072E-01	
5,695E+00	4,612E-01	
5,701E+00	1,177E+00	
5,707E+00	7,933E-01	
5,713E+00	2,792E-01	
5,719E+00	3,880E-01	
5,725E+00	1,089E+00	
5,731E+00	4,994E-01	
5,737E+00	3,461E-01	
5,743E+00	8,107E-01	
5,750E+00	1,065E+00	
5,756E+00	3,622E-01	
5,762E+00	3,770E-01	
5,768E+00	6,847E-01	
5,774E+00	3,741E-01	
5,780E+00	2,424E-01	
5,786E+00	7,164E-01	
5,792E+00	6,224E-01	
5,798E+00	2,631E-01	
5,804E+00	1,113E+00	
5,811E+00	1,309E+00	
5,817E+00	8,509E-01	
5,823E+00	2,926E-01	
5,829E+00	7,169E-01	
5,835E+00	4,624E-01	
5,841E+00	4,676E-01	
5,847E+00	8,619E-01	
5,853E+00	8,116E-01	
5,859E+00	5,197E-01	
5,865E+00	8,041E-01	
5,872E+00	1,021E+00	
5,878E+00	5,000E-01	
5,884E+00	4,443E-01	
5,890E+00	1,044E+00	
5,896E+00	5,984E-01	
5,902E+00	5,305E-01	
5,908E+00	6,396E-01	
5,914E+00	9,763E-01	
5,920E+00	7,188E-01	
5,927E+00	5,973E-01	
5,933E+00	6,731E-01	
5,939E+00	1,055E+00	
5,945E+00	7,148E-01	
5,951E+00	6,390E-01	
5,957E+00	1,023E+00	
5,963E+00	9,667E-01	
5,969E+00	2,827E-01	
5,975E+00	4,041E-01	
5,981E+00	8,432E-01	
5,988E+00	7,372E-01	
5,994E+00	9,840E-01	
6,000E+00	1,115E+00	
6,006E+00	5,311E-01	
6,012E+00	4,664E-01	
6,018E+00	1,192E+00	
6,024E+00	1,340E+00	
6,030E+00	6,321E-01	
6,036E+00	5,653E-01	
6,042E+00	9,383E-01	
6,049E+00	3,757E-01	
6,055E+00	6,110E-01	
6,061E+00	9,865E-01	
6,067E+00	8,413E-01	
6,073E+00	5,446E-01	
6,079E+00	6,782E-01	
6,085E+00	9,040E-01	
6,091E+00	3,584E-01	
6,097E+00	2,054E-01	
6,104E+00	8,167E-01	
6,110E+00	9,386E-01	
6,116E+00	3,089E-01	
6,122E+00	8,667E-01	
6,128E+00	1,037E+00	
6,134E+00	5,064E-01	
6,140E+00	4,608E-01	
6,146E+00	9,535E-01	
6,152E+00	8,926E-01	
6,158E+00	3,861E-01	
6,165E+00	7,314E-01	
6,171E+00	7,050E-01	
6,177E+00	6,884E-01	
6,183E+00	3,987E-01	
6,189E+00	5,721E-01	
6,195E+00	2,989E-01	
6,201E+00	4,741E-01	
6,207E+00	7,925E-01	
6,213E+00	1,081E+00	
6,219E+00	7,186E-01	
6,226E+00	2,251E-01	
6,232E+00	5,543E-01	
6,238E+00	6,929E-01	
6,244E+00	7,211E-01	
6,250E+00	1,004E+00	
6,256E+00	1,131E+00	
6,262E+00	6,730E-01	
6,268E+00	3,973E-01	
6,274E+00	7,800E-01	
6,281E+00	7,070E-01	
6,287E+00	2,863E-01	
6,293E+00	3,718E-01	
6,299E+00	4,827E-01	
6,305E+00	4,232E-01	
6,311E+00	5,074E-01	
6,317E+00	5,128E-01	
6,323E+00	4,244E-01	
6,329E+00	2,231E-01	
6,335E+00	6,210E-01	
6,342E+00	8,354E-01	
6,348E+00	3,564E-01	
6,354E+00	5,752E-01	
6,360E+00	8,627E-01	
6,366E+00	6,929E-01	
6,372E+00	1,049E-01	
6,378E+00	3,355E-01	
6,384E+00	7,894E-01	
6,390E+00	4,293E-01	
6,396E+00	3,546E-01	
6,403E+00	6,194E-01	
6,409E+00	7,186E-01	
6,415E+00	7,398E-01	
6,421E+00	9,915E-01	
6,427E+00	1,033E+00	
6,433E+00	5,220E-01	
6,439E+00	6,573E-01	
6,445E+00	5,480E-01	
6,451E+00	4,959E-01	
6,458E+00	5,729E-02	
6,464E+00	5,787E-01	
6,470E+00	6,165E-01	
6,476E+00	4,003E-01	
6,482E+00	3,706E-01	
6,488E+00	5,318E-01	
6,494E+00	4,843E-01	
6,500E+00	3,147E-01	
6,506E+00	5,236E-01	
6,512E+00	4,751E-01	
6,519E+00	1,198E-01	
6,525E+00	3,390E-01	
6,531E+00	4,474E-01	
6,537E+00	4,582E-01	
6,543E+00	5,528E-01	
6,549E+00	2,588E-01	
6,555E+00	7,240E-01	
6,561E+00	2,751E-01	
6,567E+00	3,869E-01	
6,573E+00	4,918E-01	
6,580E+00	3,607E-01	
6,586E+00	4,079E-01	
6,592E+00	2,884E-01	
6,598E+00	6,400E-01	
6,604E+00	8,124E-01	
6,610E+00	8,135E-01	
6,616E+00	3,620E-01	
6,622E+00	2,463E-01	
6,628E+00	3,601E-01	
6,635E+00	4,763E-01	
6,641E+00	4,090E-01	
6,647E+00	4,047E-01	
6,653E+00	8,475E-01	
6,659E+00	8,668E-01	
6,665E+00	6,337E-01	
6,671E+00	3,164E-01	
6,677E+00	2,790E-01	
6,683E+00	3,012E-01	
6,689E+00	1,538E-01	
6,696E+00	6,301E-01	
6,702E+00	3,586E-01	
6,708E+00	7,008E-01	
6,714E+00	5,756E-01	
6,720E+00	5,586E-01	
6,726E+00	1,759E-01	
6,732E+00	3,736E-01	
6,738E+00	7,926E-01	
6,744E+00	8,882E-01	
6,750E+00	4,275E-01	
6,757E+00	3,738E-01	
6,763E+00	4,364E-01	
6,769E+00	6,155E-01	
6,775E+00	3,650E-01	
6,781E+00	3,130E-01	
6,787E+00	2,984E-01	
6,793E+00	2,931E-01	
6,799E+00	1,133E-01	
6,805E+00	4,455E-01	
6,812E+00	6,493E-01	
6,818E+00	3,641E-01	
6,824E+00	4,530E-01	
6,830E+00	8,047E-01	
6,836E+00	4,280E-01	
6,842E+00	1,373E-01	
6,848E+00	6,724E-02	
6,854E+00	1,247E-01	
6,860E+00	4,509E-01	
6,866E+00	3,883E-01	
6,873E+00	5,403E-01	
6,879E+00	3,436E-01	
6,885E+00	2,982E-01	
6,891E+00	2,045E-01	
6,897E+00	2,014E-01	
6,903E+00	3,323E-01	
6,909E+00	3,295E-01	
6,915E+00	6,118E-01	
6,921E+00	1,045E-01	
6,927E+00	1,435E-01	
6,934E+00	3,905E-01	
6,940E+00	5,780E-01	
6,946E+00	4,766E-01	
6,952E+00	3,840E-01	
6,958E+00	4,997E-01	
6,964E+00	3,486E-01	
6,970E+00	1,190E-01	
6,976E+00	2,021E-01	
6,982E+00	4,199E-01	
6,989E+00	1,270E-01	
6,995E+00	3,040E-01	
7,001E+00	8,971E-01	
7,007E+00	6,833E-01	
7,013E+00	1,960E-01	
7,019E+00	3,024E-01	
7,025E+00	3,554E-01	
7,031E+00	1,997E-01	
7,037E+00	4,163E-01	
7,043E+00	6,858E-01	
7,050E+00	1,553E-01	
7,056E+00	1,719E-01	
7,062E+00	6,618E-01	
7,068E+00	3,378E-01	
7,074E+00	3,459E-01	
7,080E+00	5,426E-01	
7,086E+00	5,446E-01	
7,092E+00	2,344E-01	
7,098E+00	1,621E-01	
7,104E+00	8,769E-01	
7,111E+00	5,812E-01	
7,117E+00	3,396E-01	
7,123E+00	4,300E-01	
7,129E+00	6,323E-02	
7,135E+00	2,368E-01	
7,141E+00	3,152E-01	
7,147E+00	4,122E-01	
7,153E+00	2,879E-01	
7,159E+00	5,018E-01	
7,166E+00	7,996E-01	
7,172E+00	1,729E-01	
7,178E+00	8,062E-01	
7,184E+00	2,736E-01	
7,190E+00	1,987E-01	
7,196E+00	4,717E-01	
7,202E+00	4,173E-01	
7,208E+00	5,677E-01	
7,214E+00	3,605E-01	
7,220E+00	3,549E-01	
7,227E+00	4,985E-01	
7,233E+00	1,490E-01	
7,239E+00	4,193E-01	
7,245E+00	1,963E-01	
7,251E+00	2,399E-01	
7,257E+00	6,992E-01	
7,263E+00	4,481E-01	
7,269E+00	1,988E-01	
7,275E+00	1,938E-01	
7,281E+00	1,183E-01	
7,288E+00	2,974E-01	
7,294E+00	1,633E-01	
7,300E+00	1,679E-01	
7,306E+00	3,959E-01	
7,312E+00	4,646E-01	
7,318E+00	1,635E-01	
7,324E+00	2,784E-01	
7,330E+00	2,728E-01	
7,336E+00	3,850E-01	
7,343E+00	7,794E-02	
7,349E+00	3,335E-01	
7,355E+00	8,904E-02	
7,361E+00	3,289E-01	
7,367E+00	4,457E-01	
7,373E+00	1,740E-01	
7,379E+00	3,201E-01	
7,385E+00	1,215E-01	
7,391E+00	1,329E-01	
7,397E+00	3,806E-01	
7,404E+00	3,090E-01	
7,410E+00	3,403E-01	
7,416E+00	3,452E-01	
7,422E+00	5,246E-01	
7,428E+00	3,286E-01	
7,434E+00	4,162E-01	
7,440E+00	3,248E-01	
7,446E+00	2,792E-01	
7,452E+00	3,050E-01	
7,458E+00	1,433E-01	
7,465E+00	3,496E-01	
7,471E+00	2,940E-01	
7,477E+00	3,120E-01	
7,483E+00	1,691E-01	
7,489E+00	2,555E-01	
7,495E+00	2,855E-01	
7,501E+00	7,170E-01	
7,507E+00	4,822E-01	
7,513E+00	2,810E-01	
7,520E+00	2,996E-01	
7,526E+00	4,251E-01	
7,532E+00	3,286E-01	
7,538E+00	2,775E-01	
7,544E+00	5,441E-01	
7,550E+00	3,772E-01	
7,556E+00	1,403E-01	
7,562E+00	5,198E-01	
7,568E+00	3,282E-01	
7,574E+00	6,907E-01	
7,581E+00	4,761E-01	
7,587E+00	1,758E-01	
7,593E+00	2,832E-01	
7,599E+00	3,237E-01	
7,605E+00	2,656E-01	
7,611E+00	2,676E-01	
7,617E+00	6,843E-01	
7,623E+00	6,131E-02	
7,629E+00	4,015E-01	
7,635E+00	5,038E-01	
7,642E+00	6,767E-01	
7,648E+00	4,757E-01	
7,654E+00	2,283E-01	
7,660E+00	4,209E-01	
7,666E+00	1,154E-01	
7,672E+00	3,814E-01	
7,678E+00	7,864E-01	
7,684E+00	1,778E-01	
7,690E+00	2,315E-01	
7,697E+00	5,857E-01	
7,703E+00	8,196E-01	
7,709E+00	2,102E-01	
7,715E+00	2,354E-01	
7,721E+00	3,456E-01	
7,727E+00	7,507E-01	
7,733E+00	1,053E-01	
7,739E+00	3,940E-01	
7,745E+00	4,052E-01	
7,751E+00	3,281E-01	
7,758E+00	5,384E-01	
7,764E+00	4,873E-01	
7,770E+00	6,928E-01	
7,776E+00	3,734E-01	
7,782E+00	2,752E-01	
7,788E+00	6,154E-01	
7,794E+00	2,769E-01	
7,800E+00	7,424E-01	
7,806E+00	7,707E-01	
7,813E+00	2,097E-01	
7,819E+00	1,829E-01	
7,825E+00	5,122E-01	
7,831E+00	4,431E-01	
7,837E+00	4,157E-01	
7,843E+00	4,311E-01	
7,849E+00	1,822E-01	
7,855E+00	2,748E-01	
7,861E+00	4,589E-01	
7,867E+00	6,540E-01	
7,874E+00	6,510E-01	
7,880E+00	6,065E-01	
7,886E+00	2,481E-01	
7,892E+00	1,623E-01	
7,898E+00	4,917E-01	
7,904E+00	3,315E-01	
7,910E+00	7,052E-01	
7,916E+00	2,810E-01	
7,922E+00	3,208E-01	
7,928E+00	3,615E-01	
7,935E+00	5,450E-01	
7,941E+00	6,406E-01	
7,947E+00	6,933E-02	
7,953E+00	5,540E-01	
7,959E+00	3,982E-01	
7,965E+00	2,476E-01	
7,971E+00	5,888E-01	
7,977E+00	6,994E-01	
7,983E+00	1,569E-01	
7,990E+00	4,322E-01	
7,996E+00	5,201E-01	
8,002E+00	7,140E-01	
8,008E+00	4,897E-01	
8,014E+00	2,250E-01	
8,020E+00	3,963E-01	
8,026E+00	4,780E-01	
8,032E+00	2,038E-01	
8,038E+00	5,859E-01	
8,044E+00	4,402E-01	
8,051E+00	3,082E-01	
8,057E+00	4,001E-01	
8,063E+00	5,459E-01	
8,069E+00	3,568E-01	
8,075E+00	2,501E-01	
8,081E+00	3,814E-01	
8,087E+00	5,964E-01	
8,093E+00	2,671E-01	
8,099E+00	4,689E-01	
8,105E+00	6,822E-01	
8,112E+00	6,451E-02	
8,118E+00	4,793E-01	
8,124E+00	4,791E-01	
8,130E+00	5,872E-01	
8,136E+00	4,331E-01	
8,142E+00	3,031E-01	
8,148E+00	1,689E-01	
8,154E+00	2,537E-01	
8,160E+00	4,154E-01	
8,167E+00	6,244E-01	
8,173E+00	3,087E-01	
8,179E+00	2,937E-01	
8,185E+00	4,082E-01	
8,191E+00	3,471E-01	
8,197E+00	3,437E-01	
8,203E+00	3,060E-01	
8,209E+00	2,475E-01	
8,215E+00	5,572E-01	
8,221E+00	9,730E-02	
8,228E+00	7,810E-01	
8,234E+00	4,911E-01	
8,240E+00	1,851E-01	
8,246E+00	4,120E-01	
8,252E+00	3,565E-01	
8,258E+00	5,033E-01	
8,264E+00	3,113E-01	
8,270E+00	4,810E-01	
8,276E+00	2,362E-01	
8,282E+00	2,381E-01	
8,289E+00	4,075E-01	
8,295E+00	2,879E-01	
8,301E+00	4,449E-01	
8,307E+00	2,346E-01	
8,313E+00	3,547E-01	
8,319E+00	4,031E-01	
8,325E+00	2,380E-01	
8,331E+00	2,895E-01	
8,337E+00	2,494E-01	
8,344E+00	3,011E-01	
8,350E+00	1,816E-01	
8,356E+00	4,095E-01	
8,362E+00	6,128E-01	
8,368E+00	2,148E-01	
8,374E+00	4,900E-01	
8,380E+00	5,278E-01	
8,386E+00	2,722E-01	
8,392E+00	9,459E-02	
8,398E+00	3,075E-01	
8,405E+00	2,670E-01	
8,411E+00	2,052E-01	
8,417E+00	3,035E-01	
8,423E+00	4,348E-01	
8,429E+00	1,523E-01	
8,435E+00	4,756E-01	
8,441E+00	2,703E-01	
8,447E+00	3,858E-01	
8,453E+00	2,479E-01	
8,459E+00	6,477E-01	
8,466E+00	5,435E-01	
8,472E+00	1,158E-01	
8,478E+00	2,821E-01	
8,484E+00	1,675E-01	
8,490E+00	2,361E-01	
8,496E+00	2,258E-01	
8,502E+00	1,784E-01	
8,508E+00	3,068E-01	
8,514E+00	1,868E-01	
8,521E+00	5,572E-01	
8,527E+00	4,978E-01	
8,533E+00	1,341E-01	
8,539E+00	2,452E-01	
8,545E+00	4,372E-01	
8,551E+00	6,088E-01	
8,557E+00	8,969E-02	
8,563E+00	5,137E-01	
8,569E+00	2,011E-01	
8,575E+00	3,391E-01	
8,582E+00	4,466E-02	
8,588E+00	3,763E-01	
8,594E+00	2,562E-01	
8,600E+00	5,965E-01	
8,606E+00	3,630E-01	
8,612E+00	2,073E-01	
8,618E+00	1,376E-01	
8,624E+00	2,022E-01	
8,630E+00	4,318E-01	
8,636E+00	1,580E-01	
8,643E+00	3,898E-01	
8,649E+00	3,618E-01	
8,655E+00	4,041E-01	
8,661E+00	2,817E-01	
8,667E+00	2,816E-01	
8,673E+00	2,483E-01	
8,679E+00	1,500E-01	
8,685E+00	3,583E-01	
8,691E+00	4,658E-01	
8,698E+00	2,446E-01	
8,704E+00	2,345E-01	
8,710E+00	5,133E-01	
8,716E+00	5,100E-01	
8,722E+00	5,038E-01	
8,728E+00	1,825E-01	
8,734E+00	4,890E-01	
8,740E+00	2,286E-01	
8,746E+00	2,833E-01	
8,752E+00	2,981E-01	
8,759E+00	4,369E-01	
8,765E+00	1,894E-01	
8,771E+00	3,933E-01	
8,777E+00	2,413E-01	
8,783E+00	2,308E-01	
8,789E+00	5,320E-01	
8,795E+00	5,154E-01	
8,801E+00	2,112E-01	
8,807E+00	2,356E-01	
8,813E+00	6,519E-01	
8,820E+00	4,727E-01	
8,826E+00	4,646E-01	
8,832E+00	2,665E-01	
8,838E+00	4,681E-01	
8,844E+00	3,333E-01	
8,850E+00	5,675E-01	
8,856E+00	3,874E-01	
8,862E+00	3,640E-01	
8,868E+00	9,443E-02	
8,875E+00	6,621E-01	
8,881E+00	5,535E-01	
8,887E+00	2,275E-01	
8,893E+00	4,266E-01	
8,899E+00	4,503E-01	
8,905E+00	4,674E-01	
8,911E+00	4,412E-01	
8,917E+00	1,039E-01	
8,923E+00	3,840E-01	
8,929E+00	4,788E-01	
8,936E+00	2,325E-01	
8,942E+00	5,276E-01	
8,948E+00	3,243E-01	
8,954E+00	3,785E-01	
8,960E+00	1,345E-01	
8,966E+00	4,718E-01	
8,972E+00	4,702E-01	
8,978E+00	3,841E-01	
8,984E+00	3,227E-01	
8,990E+00	3,318E-01	
8,997E+00	5,460E-01	
9,003E+00	5,352E-01	
9,009E+00	5,570E-01	
9,015E+00	2,098E-01	
9,021E+00	5,930E-01	
9,027E+00	4,995E-01	
9,033E+00	5,715E-01	
9,039E+00	1,898E-01	
9,045E+00	3,900E-01	
9,052E+00	4,268E-01	
9,058E+00	3,001E-01	
9,064E+00	7,485E-01	
9,070E+00	3,682E-01	
9,076E+00	3,270E-01	
9,082E+00	3,741E-01	
9,088E+00	4,503E-01	
9,094E+00	2,211E-01	
9,100E+00	3,862E-01	
9,106E+00	5,461E-01	
9,113E+00	4,302E-01	
9,119E+00	3,825E-01	
9,125E+00	5,438E-01	
9,131E+00	3,483E-01	
9,137E+00	4,815E-01	
9,143E+00	3,877E-01	
9,149E+00	2,420E-01	
9,155E+00	5,188E-01	
9,161E+00	3,700E-01	
9,167E+00	3,127E-01	
9,174E+00	2,189E-01	
9,180E+00	3,845E-01	
9,186E+00	3,212E-01	
9,192E+00	4,614E-01	
9,198E+00	2,314E-01	
9,204E+00	4,686E-01	
9,210E+00	5,359E-01	
9,216E+00	3,060E-01	
9,222E+00	2,765E-01	
9,229E+00	2,792E-01	
9,235E+00	3,680E-01	
9,241E+00	3,971E-01	
9,247E+00	2,989E-01	
9,253E+00	4,646E-01	
9,259E+00	6,152E-01	
9,265E+00	1,542E-01	
9,271E+00	2,477E-01	
9,277E+00	7,013E-01	
9,283E+00	3,624E-01	
9,290E+00	3,771E-01	
9,296E+00	1,883E-01	
9,302E+00	7,204E-01	
9,308E+00	2,765E-01	
9,314E+00	1,588E-01	
9,320E+00	3,892E-01	
9,326E+00	2,170E-01	
9,332E+00	3,879E-01	
9,338E+00	5,173E-01	
9,344E+00	4,537E-01	
9,351E+00	1,692E-01	
9,357E+00	3,864E-01	
9,363E+00	5,597E-01	
9,369E+00	4,233E-01	
9,375E+00	1,275E-01	
9,381E+00	3,065E-01	
9,387E+00	4,754E-01	
9,393E+00	1,465E-01	
9,399E+00	4,292E-01	
9,406E+00	5,517E-01	
9,412E+00	3,616E-01	
9,418E+00	2,299E-01	
9,424E+00	4,890E-01	
9,430E+00	4,110E-01	
9,436E+00	1,809E-01	
9,442E+00	2,384E-01	
9,448E+00	3,167E-01	
9,454E+00	1,214E-01	
9,460E+00	2,407E-01	
9,467E+00	5,850E-01	
9,473E+00	2,505E-01	
9,479E+00	4,009E-01	
9,485E+00	3,601E-01	
9,491E+00	5,397E-01	
9,497E+00	2,338E-01	
9,503E+00	2,394E-01	
9,509E+00	4,078E-01	
9,515E+00	2,297E-01	
9,521E+00	1,316E-01	
9,528E+00	5,156E-01	
9,534E+00	4,395E-01	
9,540E+00	1,101E-01	
9,546E+00	2,709E-01	
9,552E+00	7,723E-02	
9,558E+00	2,332E-01	
9,564E+00	4,583E-01	
9,570E+00	4,787E-01	
9,576E+00	1,811E-01	
9,583E+00	2,389E-01	
9,589E+00	4,783E-01	
9,595E+00	5,953E-01	
9,601E+00	3,269E-01	
9,607E+00	1,570E-01	
9,613E+00	3,135E-01	
9,619E+00	1,250E-01	
9,625E+00	3,535E-01	
9,631E+00	3,933E-01	
9,637E+00	4,499E-01	
9,644E+00	8,152E-02	
9,650E+00	4,186E-01	
9,656E+00	2,567E-01	
9,662E+00	3,445E-01	
9,668E+00	3,144E-01	
9,674E+00	1,015E-01	
9,680E+00	2,290E-01	
9,686E+00	2,423E-01	
9,692E+00	4,178E-01	
9,698E+00	2,224E-01	
9,705E+00	1,378E-01	
9,711E+00	1,804E-01	
9,717E+00	3,483E-01	
9,723E+00	2,794E-01	
9,729E+00	2,947E-01	
9,735E+00	4,434E-01	
9,741E+00	4,683E-01	
9,747E+00	1,511E-01	
9,753E+00	3,732E-01	
9,760E+00	3,912E-01	
9,766E+00	1,590E-01	
9,772E+00	1,905E-01	
9,778E+00	1,186E-01	
9,784E+00	1,984E-01	
9,790E+00	1,857E-01	
9,796E+00	4,210E-01	
9,802E+00	4,668E-01	
9,808E+00	3,701E-01	
9,814E+00	5,752E-01	
9,821E+00	2,712E-01	
9,827E+00	2,961E-01	
9,833E+00	2,364E-01	
9,839E+00	2,633E-01	
9,845E+00	2,217E-01	
9,851E+00	2,657E-01	
9,857E+00	1,176E-01	
9,863E+00	3,875E-01	
9,869E+00	1,467E-01	
9,875E+00	2,444E-01	
9,882E+00	1,590E-01	
9,888E+00	3,954E-01	
9,894E+00	3,443E-01	
9,900E+00	5,505E-02	
9,906E+00	3,914E-01	
9,912E+00	3,335E-01	
9,918E+00	1,328E-01	
9,924E+00	1,935E-01	
9,930E+00	7,278E-02	
9,937E+00	1,139E-01	
9,943E+00	4,414E-01	
9,949E+00	1,840E-01	
9,955E+00	4,870E-01	
9,961E+00	5,845E-01	
9,967E+00	2,295E-01	
9,973E+00	2,807E-01	
9,979E+00	2,140E-01	
9,985E+00	2,679E-01	
9,991E+00	3,875E-01	
9,998E+00	2,334E-01	
1,000E+01	1,285E-01	
1,001E+01	2,585E-01	
1,002E+01	2,921E-01	
1,002E+01	1,798E-01	
1,003E+01	3,111E-01	
1,003E+01	2,684E-01	
1,004E+01	1,284E-01	
1,005E+01	4,016E-01	
1,005E+01	1,185E-01	
1,006E+01	1,941E-01	
1,006E+01	5,112E-01	
1,007E+01	4,290E-01	
1,008E+01	1,714E-01	
1,008E+01	1,236E-01	
1,009E+01	3,937E-01	
1,010E+01	2,548E-01	
1,010E+01	2,457E-01	
1,011E+01	2,187E-01	
1,011E+01	1,437E-01	
1,012E+01	3,203E-01	
1,013E+01	1,183E-01	
1,013E+01	3,712E-01	
1,014E+01	2,301E-01	
1,014E+01	4,520E-02	
1,015E+01	3,063E-01	
1,016E+01	3,486E-01	
1,016E+01	3,422E-01	
1,017E+01	6,902E-02	
1,017E+01	1,975E-01	
1,018E+01	1,826E-01	
1,019E+01	2,081E-01	
1,019E+01	3,135E-01	
1,020E+01	3,122E-01	
1,021E+01	2,471E-01	
1,021E+01	1,420E-01	
1,022E+01	3,070E-01	
1,022E+01	3,310E-01	
1,023E+01	5,364E-02	
1,024E+01	2,766E-01	
1,024E+01	7,689E-02	
1,025E+01	3,378E-01	
1,025E+01	3,766E-01	
1,026E+01	5,099E-01	
1,027E+01	3,399E-01	
1,027E+01	3,469E-01	
1,028E+01	2,620E-01	
1,028E+01	9,779E-02	
1,029E+01	2,811E-01	
1,030E+01	2,120E-01	
1,030E+01	3,568E-01	
1,031E+01	2,365E-01	
1,031E+01	1,926E-01	
1,032E+01	1,407E-01	
1,033E+01	1,608E-01	
1,033E+01	3,625E-02	
1,034E+01	4,581E-01	
1,035E+01	5,099E-01	
1,035E+01	7,312E-02	
1,036E+01	5,052E-02	
1,036E+01	4,224E-01	
1,037E+01	3,088E-01	
1,038E+01	4,045E-02	
1,038E+01	3,656E-01	
1,039E+01	2,469E-01	
1,039E+01	3,715E-01	
1,040E+01	9,591E-02	
1,041E+01	4,629E-01	
1,041E+01	2,673E-01	
1,042E+01	7,897E-02	
1,042E+01	4,429E-01	
1,043E+01	3,456E-01	
1,044E+01	3,462E-01	
1,044E+01	2,858E-01	
1,045E+01	4,223E-01	
1,046E+01	2,316E-01	
1,046E+01	2,086E-01	
1,047E+01	1,624E-01	
1,047E+01	2,921E-01	
1,048E+01	1,557E-01	
1,049E+01	4,818E-01	
1,049E+01	2,246E-01	
1,050E+01	2,408E-01	
1,050E+01	2,877E-01	
1,051E+01	4,802E-01	
1,052E+01	2,888E-01	
1,052E+01	1,675E-01	
1,053E+01	1,480E-01	
1,053E+01	3,673E-01	
1,054E+01	3,723E-02	
1,055E+01	2,368E-01	
1,055E+01	4,142E-01	
1,056E+01	2,171E-01	
1,057E+01	4,728E-01	
1,057E+01	5,436E-01	
1,058E+01	1,498E-01	
1,058E+01	3,235E-01	
1,059E+01	2,929E-01	
1,060E+01	1,716E-01	
1,060E+01	3,583E-01	
1,061E+01	1,270E-01	
1,061E+01	2,905E-01	
1,062E+01	2,504E-01	
1,063E+01	4,215E-01	
1,063E+01	1,581E-01	
1,064E+01	1,780E-01	
1,064E+01	2,911E-01	
1,065E+01	4,550E-01	
1,066E+01	6,005E-01	
1,066E+01	1,834E-01	
1,067E+01	3,026E-01	
1,068E+01	1,841E-01	
1,068E+01	4,518E-01	
1,069E+01	2,320E-01	
1,069E+01	5,708E-01	
1,070E+01	6,381E-01	
1,071E+01	1,995E-01	
1,071E+01	1,732E-01	
1,072E+01	2,845E-01	
1,072E+01	5,383E-01	
1,073E+01	1,859E-01	
1,074E+01	3,346E-01	
1,074E+01	3,699E-01	
1,075E+01	2,707E-01	
1,075E+01	3,605E-01	
1,076E+01	4,467E-01	
1,077E+01	3,165E-01	
1,077E+01	1,043E-01	
1,078E+01	4,833E-01	
1,078E+01	4,557E-01	
1,079E+01	3,597E-01	
1,080E+01	3,053E-01	
1,080E+01	3,331E-01	
1,081E+01	3,187E-01	
1,082E+01	2,410E-01	
1,082E+01	2,342E-01	
1,083E+01	1,818E-01	
1,083E+01	1,570E-01	
1,084E+01	4,262E-01	
1,085E+01	6,227E-01	
1,085E+01	1,282E-01	
1,086E+01	2,695E-01	
1,086E+01	3,716E-01	
1,087E+01	5,152E-01	
1,088E+01	2,949E-01	
1,088E+01	2,058E-01	
1,089E+01	3,900E-01	
1,089E+01	1,305E-01	
1,090E+01	4,141E-01	
1,091E+01	4,446E-01	
1,091E+01	2,205E-01	
1,092E+01	4,003E-01	
1,093E+01	1,722E-01	
1,093E+01	3,002E-01	
1,094E+01	2,764E-01	
1,094E+01	3,214E-01	
1,095E+01	5,384E-01	
1,096E+01	1,716E-01	
1,096E+01	2,620E-01	
1,097E+01	2,461E-01	
1,097E+01	2,955E-01	
1,098E+01	3,788E-01	
1,099E+01	3,843E-01	
1,099E+01	3,052E-01	
1,100E+01	3,046E-01	
1,100E+01	3,162E-01	
1,101E+01	4,496E-01	
1,102E+01	3,656E-01	
1,102E+01	2,192E-01	
1,103E+01	3,405E-01	
1,104E+01	3,251E-01	
1,104E+01	3,270E-01	
1,105E+01	2,726E-01	
1,105E+01	3,394E-01	
1,106E+01	5,030E-01	
1,107E+01	2,759E-01	
1,107E+01	2,198E-01	
1,108E+01	5,323E-01	
1,108E+01	3,715E-02	
1,109E+01	4,887E-01	
1,110E+01	3,920E-01	
1,110E+01	4,150E-01	
1,111E+01	2,108E-01	
1,111E+01	3,373E-01	
1,112E+01	2,929E-01	
1,113E+01	2,067E-01	
1,113E+01	4,043E-01	
1,114E+01	2,454E-01	
1,115E+01	2,290E-01	
1,115E+01	1,605E-01	
1,116E+01	4,410E-01	
1,116E+01	2,336E-01	
1,117E+01	3,257E-01	
1,118E+01	6,698E-02	
1,118E+01	6,269E-01	
1,119E+01	4,129E-01	
1,119E+01	1,224E-01	
1,120E+01	1,938E-01	
1,121E+01	1,694E-01	
1,121E+01	3,763E-01	
1,122E+01	5,202E-01	
1,122E+01	3,120E-01	
1,123E+01	6,418E-02	
1,124E+01	3,146E-01	
1,124E+01	4,459E-01	
1,125E+01	4,024E-01	
1,125E+01	2,584E-01	
1,126E+01	2,767E-01	
1,127E+01	6,552E-02	
1,127E+01	1,677E-01	
1,128E+01	2,446E-01	
1,129E+01	2,677E-01	
1,129E+01	2,234E-01	
1,130E+01	1,214E-01	
1,130E+01	1,961E-01	
1,131E+01	3,693E-01	
1,132E+01	3,471E-01	
1,132E+01	2,332E-01	
1,133E+01	1,861E-01	
1,133E+01	2,978E-01	
1,134E+01	2,118E-01	
1,135E+01	2,941E-01	
1,135E+01	2,141E-01	
1,136E+01	1,726E-01	
1,136E+01	9,889E-02	
1,137E+01	2,089E-01	
1,138E+01	1,696E-01	
1,138E+01	2,984E-01	
1,139E+01	4,347E-01	
1,140E+01	2,635E-01	
1,140E+01	3,584E-01	
1,141E+01	3,412E-01	
1,141E+01	1,976E-01	
1,142E+01	2,752E-01	
1,143E+01	2,127E-01	
1,143E+01	2,858E-01	
1,144E+01	2,375E-01	
1,144E+01	6,763E-02	
1,145E+01	2,288E-01	
1,146E+01	1,587E-01	
1,146E+01	2,994E-01	
1,147E+01	1,535E-01	
1,147E+01	1,880E-01	
1,148E+01	2,453E-01	
1,149E+01	1,201E-01	
1,149E+01	3,441E-01	
1,150E+01	2,281E-01	
1,151E+01	1,306E-01	
1,151E+01	2,773E-01	
1,152E+01	1,701E-01	
1,152E+01	1,708E-01	
1,153E+01	7,644E-02	
1,154E+01	3,778E-01	
1,154E+01	2,534E-01	
1,155E+01	1,004E-01	
1,155E+01	3,315E-01	
1,156E+01	2,997E-01	
1,157E+01	3,273E-02	
1,157E+01	1,830E-01	
1,158E+01	2,375E-01	
1,158E+01	2,401E-01	
1,159E+01	1,613E-01	
1,160E+01	2,173E-01	
1,160E+01	1,345E-01	
1,161E+01	7,213E-02	
1,161E+01	2,385E-01	
1,162E+01	1,790E-01	
1,163E+01	2,301E-01	
1,163E+01	1,576E-01	
1,164E+01	2,203E-01	
1,165E+01	2,709E-01	
1,165E+01	1,984E-01	
1,166E+01	1,356E-01	
1,166E+01	1,734E-01	
1,167E+01	2,568E-01	
1,168E+01	9,500E-02	
1,168E+01	2,939E-01	
1,169E+01	3,767E-01	
1,169E+01	2,081E-02	
1,170E+01	1,792E-01	
1,171E+01	1,190E-01	
1,171E+01	4,450E-02	
1,172E+01	1,620E-01	
1,172E+01	9,798E-02	
1,173E+01	3,802E-01	
1,174E+01	2,572E-01	
1,174E+01	1,442E-01	
1,175E+01	1,320E-01	
1,176E+01	4,764E-02	
1,176E+01	1,703E-01	
1,177E+01	3,328E-01	
1,177E+01	2,521E-01	
1,178E+01	1,479E-01	
1,179E+01	1,829E-01	
1,179E+01	3,317E-01	
1,180E+01	1,986E-01	
1,180E+01	1,119E-01	
1,181E+01	1,199E-02	
1,182E+01	2,562E-01	
1,182E+01	1,800E-01	
1,183E+01	5,151E-02	
1,183E+01	1,944E-01	
1,184E+01	1,462E-01	
1,185E+01	2,151E-01	
1,185E+01	1,816E-01	
1,186E+01	8,435E-02	
1,187E+01	1,820E-01	
1,187E+01	1,720E-01	
1,188E+01	1,272E-01	
1,188E+01	1,872E-01	
1,189E+01	1,057E-01	
1,190E+01	9,744E-02	
1,190E+01	1,150E-01	
1,191E+01	1,308E-01	
1,191E+01	2,960E-01	
1,192E+01	2,361E-01	
1,193E+01	2,636E-02	
1,193E+01	1,923E-02	
1,194E+01	8,119E-02	
1,194E+01	1,075E-01	
1,195E+01	9,676E-02	
1,196E+01	1,768E-01	
1,196E+01	1,116E-01	
1,197E+01	2,774E-01	
1,198E+01	2,041E-01	
1,198E+01	1,051E-01	
1,199E+01	8,955E-02	
1,199E+01	8,441E-02	
1,200E+01	1,301E-01	
1,201E+01	6,763E-02	
1,201E+01	1,446E-01	
1,202E+01	1,850E-01	
1,202E+01	6,322E-02	
1,203E+01	7,874E-02	
1,204E+01	2,444E-01	
1,204E+01	2,255E-01	
1,205E+01	4,834E-02	
1,205E+01	4,375E-02	
1,206E+01	9,944E-02	
1,207E+01	1,562E-01	
1,207E+01	1,314E-01	
1,208E+01	1,250E-01	
1,208E+01	2,209E-01	
1,209E+01	2,966E-01	
1,210E+01	1,130E-01	
1,210E+01	3,896E-02	
1,211E+01	1,560E-01	
1,212E+01	3,075E-02	
1,212E+01	1,790E-01	
1,213E+01	1,096E-01	
1,213E+01	1,387E-01	
1,214E+01	1,581E-01	
1,215E+01	1,771E-01	
1,215E+01	3,387E-01	
1,216E+01	2,350E-01	
1,216E+01	7,523E-02	
1,217E+01	3,061E-01	
1,218E+01	2,453E-01	
1,218E+01	1,123E-01	
1,219E+01	5,809E-02	
1,219E+01	1,870E-01	
1,220E+01	1,735E-01	
1,221E+01	1,489E-01	
1,221E+01	1,697E-01	
1,222E+01	1,462E-01	
1,223E+01	2,681E-01	
1,223E+01	1,983E-01	
1,224E+01	9,432E-02	
1,224E+01	1,962E-01	
1,225E+01	1,678E-01	
1,226E+01	2,175E-01	
1,226E+01	3,701E-01	
1,227E+01	7,255E-02	
1,227E+01	2,134E-01	
1,228E+01	1,104E-01	
1,229E+01	1,828E-01	
1,229E+01	7,295E-02	
1,230E+01	9,581E-02	
1,230E+01	9,346E-02	
1,231E+01	1,873E-01	
1,232E+01	5,106E-02	
1,232E+01	2,184E-01	
1,233E+01	1,652E-01	
1,234E+01	6,519E-02	
1,234E+01	6,649E-02	
1,235E+01	4,171E-02	
1,235E+01	1,040E-01	
1,236E+01	1,122E-01	
1,237E+01	3,388E-02	
1,237E+01	2,965E-02	
1,238E+01	7,218E-02	
1,238E+01	1,568E-01	
1,239E+01	1,221E-01	
1,240E+01	5,059E-02	
1,240E+01	8,872E-02	
1,241E+01	7,181E-02	
1,241E+01	6,254E-02	
1,242E+01	6,470E-02	
1,243E+01	1,369E-01	
1,243E+01	8,618E-02	
1,244E+01	3,213E-01	
1,245E+01	2,493E-01	
1,245E+01	7,126E-02	
1,246E+01	3,986E-02	
1,246E+01	1,351E-01	
1,247E+01	1,853E-01	
1,248E+01	2,775E-01	
1,248E+01	2,491E-01	
1,249E+01	5,777E-02	
1,249E+01	1,564E-01	
1,250E+01	6,457E-02	
1,251E+01	2,022E-01	
1,251E+01	1,267E-01	
1,252E+01	1,412E-01	
1,252E+01	2,826E-01	
1,253E+01	2,285E-01	
1,254E+01	2,657E-02	
1,254E+01	6,507E-02	
1,255E+01	1,148E-01	
1,255E+01	7,980E-02	
1,256E+01	6,688E-02	
1,257E+01	2,065E-01	
1,257E+01	1,572E-01	
1,258E+01	8,313E-02	
1,259E+01	9,505E-02	
1,259E+01	1,769E-01	
1,260E+01	1,926E-01	
1,260E+01	2,174E-01	
1,261E+01	1,025E-01	
1,262E+01	1,675E-01	
1,262E+01	1,334E-01	
1,263E+01	2,383E-01	
1,263E+01	1,799E-01	
1,264E+01	1,666E-01	
1,265E+01	1,606E-01	
1,265E+01	1,170E-01	
1,266E+01	1,724E-01	
1,266E+01	2,921E-01	
1,267E+01	1,580E-01	
1,268E+01	8,582E-02	
1,268E+01	2,201E-01	
1,269E+01	1,081E-01	
1,270E+01	2,346E-01	
1,270E+01	1,957E-01	
1,271E+01	7,897E-02	
1,271E+01	6,729E-02	
1,272E+01	1,050E-01	
1,273E+01	1,087E-01	
1,273E+01	6,011E-02	
1,274E+01	1,424E-01	
1,274E+01	8,505E-02	
1,275E+01	8,167E-02	
1,276E+01	4,623E-02	
1,276E+01	4,228E-02	
1,277E+01	9,611E-02	
1,277E+01	6,473E-02	
1,278E+01	5,019E-02	
1,279E+01	2,126E-01	
1,279E+01	7,992E-02	
1,280E+01	2,656E-01	
1,281E+01	1,024E-01	
1,281E+01	1,688E-01	
1,282E+01	8,148E-02	
1,282E+01	1,123E-01	
1,283E+01	1,471E-02	
1,284E+01	3,297E-02	
1,284E+01	1,670E-01	
1,285E+01	1,567E-01	
1,285E+01	9,953E-02	
1,286E+01	2,314E-01	
1,287E+01	3,687E-02	
1,287E+01	1,400E-01	
1,288E+01	2,873E-01	
1,288E+01	3,355E-01	
1,289E+01	9,811E-02	
1,290E+01	3,007E-01	
1,290E+01	1,074E-01	
1,291E+01	3,849E-02	
1,292E+01	1,203E-01	
1,292E+01	1,932E-01	
1,293E+01	1,147E-02	
1,293E+01	2,178E-01	
1,294E+01	7,669E-02	
1,295E+01	8,019E-02	
1,295E+01	2,102E-01	
1,296E+01	2,949E-01	
1,296E+01	3,433E-02	
1,297E+01	1,400E-01	
1,298E+01	5,362E-02	
1,298E+01	6,956E-02	
1,299E+01	5,633E-02	
1,299E+01	5,383E-02	
1,300E+01	4,780E-02	
1,301E+01	1,746E-01	
1,301E+01	1,525E-01	
1,302E+01	1,028E-01	
1,302E+01	4,786E-02	
1,303E+01	1,932E-01	
1,304E+01	8,750E-02	
1,304E+01	1,881E-01	
1,305E+01	2,343E-01	
1,306E+01	2,877E-01	
1,306E+01	2,089E-02	
1,307E+01	4,203E-02	
1,307E+01	1,433E-01	
1,308E+01	8,307E-02	
1,309E+01	1,174E-01	
1,309E+01	1,881E-01	
1,310E+01	3,177E-02	
1,310E+01	2,318E-01	
1,311E+01	7,845E-02	
1,312E+01	4,490E-01	
1,312E+01	1,789E-01	
1,313E+01	2,011E-01	
1,313E+01	2,050E-02	
1,314E+01	6,442E-02	
1,315E+01	2,812E-01	
1,315E+01	2,311E-01	
1,316E+01	9,036E-02	
1,317E+01	8,943E-02	
1,317E+01	2,836E-01	
1,318E+01	7,457E-02	
1,318E+01	1,072E-01	
1,319E+01	7,254E-02	
1,320E+01	2,104E-02	
1,320E+01	8,054E-02	
1,321E+01	2,019E-01	
1,321E+01	1,454E-01	
1,322E+01	1,856E-01	
1,323E+01	1,494E-01	
1,323E+01	2,630E-01	
1,324E+01	1,299E-01	
1,324E+01	2,996E-01	
1,325E+01	1,607E-01	
1,326E+01	3,676E-01	
1,326E+01	1,900E-01	
1,327E+01	2,670E-01	
1,328E+01	3,328E-01	
1,328E+01	4,862E-02	
1,329E+01	1,588E-01	
1,329E+01	1,709E-01	
1,330E+01	1,488E-01	
1,331E+01	1,451E-02	
1,331E+01	1,041E-01	
1,332E+01	6,476E-02	
1,332E+01	2,234E-01	
1,333E+01	1,916E-01	
1,334E+01	2,883E-01	
1,334E+01	1,284E-01	
1,335E+01	7,696E-02	
1,335E+01	1,221E-01	
1,336E+01	1,732E-01	
1,337E+01	1,517E-01	
1,337E+01	1,788E-01	
1,338E+01	1,253E-01	
1,339E+01	1,038E-01	
1,339E+01	5,575E-02	
1,340E+01	1,811E-01	
1,340E+01	1,511E-01	
1,341E+01	2,920E-01	
1,342E+01	1,283E-01	
1,342E+01	2,377E-02	
1,343E+01	1,163E-01	
1,343E+01	1,109E-01	
1,344E+01	2,253E-01	
1,345E+01	2,628E-01	
1,345E+01	2,590E-01	
1,346E+01	3,248E-01	
1,346E+01	5,567E-02	
1,347E+01	7,920E-02	
1,348E+01	9,929E-02	
1,348E+01	5,238E-02	
1,349E+01	9,238E-02	
1,349E+01	1,421E-01	
1,350E+01	1,732E-01	
1,351E+01	8,267E-02	
1,351E+01	7,854E-02	
1,352E+01	4,292E-02	
1,353E+01	1,271E-01	
1,353E+01	1,066E-01	
1,354E+01	1,740E-01	
1,354E+01	2,526E-01	
1,355E+01	1,176E-01	
1,356E+01	1,105E-01	
1,356E+01	5,090E-02	
1,357E+01	2,563E-01	
1,357E+01	2,249E-01	
1,358E+01	2,209E-02	
1,359E+01	6,844E-02	
1,359E+01	1,230E-01	
1,360E+01	8,637E-02	
1,360E+01	1,025E-01	
1,361E+01	2,384E-01	
1,362E+01	1,707E-01	
1,362E+01	1,753E-01	
1,363E+01	1,353E-01	
1,364E+01	1,411E-01	
1,364E+01	1,187E-01	
1,365E+01	2,181E-01	
1,365E+01	2,462E-01	
1,366E+01	2,165E-01	
1,367E+01	6,672E-02	
1,367E+01	2,245E-01	
1,368E+01	2,026E-01	
1,368E+01	2,481E-01	
1,369E+01	1,585E-01	
1,370E+01	1,066E-01	
1,370E+01	9,142E-02	
1,371E+01	7,638E-02	
1,371E+01	2,252E-01	
1,372E+01	2,012E-01	
1,373E+01	2,095E-01	
1,373E+01	1,506E-01	
1,374E+01	1,325E-01	
1,375E+01	1,855E-01	
1,375E+01	1,261E-01	
1,376E+01	2,638E-01	
1,376E+01	1,666E-01	
1,377E+01	1,270E-01	
1,378E+01	7,307E-02	
1,378E+01	1,340E-01	
1,379E+01	3,362E-01	
1,379E+01	2,055E-01	
1,380E+01	1,162E-01	
1,381E+01	1,566E-01	
1,381E+01	8,041E-02	
1,382E+01	2,196E-01	
1,382E+01	1,256E-01	
1,383E+01	3,168E-02	
1,384E+01	8,152E-02	
1,384E+01	1,118E-01	
1,385E+01	1,256E-01	
1,385E+01	7,383E-02	
1,386E+01	1,274E-01	
1,387E+01	8,054E-02	
1,387E+01	1,164E-01	
1,388E+01	2,798E-01	
1,389E+01	3,254E-01	
1,389E+01	1,755E-01	
1,390E+01	1,782E-01	
1,390E+01	1,866E-01	
1,391E+01	1,283E-01	
1,392E+01	2,009E-01	
1,392E+01	1,021E-01	
1,393E+01	1,379E-01	
1,393E+01	6,039E-02	
1,394E+01	2,339E-02	
1,395E+01	2,512E-01	
1,395E+01	2,525E-01	
1,396E+01	5,831E-02	
1,396E+01	2,842E-02	
1,397E+01	8,798E-02	
1,398E+01	1,119E-01	
1,398E+01	1,413E-01	
1,399E+01	1,611E-01	
1,400E+01	1,420E-01	
1,400E+01	1,652E-01	
1,401E+01	2,311E-01	
1,401E+01	2,222E-02	
1,402E+01	9,692E-02	
1,403E+01	1,508E-01	
1,403E+01	2,272E-01	
1,404E+01	6,536E-02	
1,404E+01	1,812E-01	
1,405E+01	1,358E-01	
1,406E+01	4,678E-02	
1,406E+01	8,286E-02	
1,407E+01	1,009E-01	
1,407E+01	1,973E-01	
1,408E+01	9,282E-02	
1,409E+01	2,683E-01	
1,409E+01	1,986E-01	
1,410E+01	2,487E-01	
1,411E+01	9,307E-02	
1,411E+01	1,478E-01	
1,412E+01	2,320E-01	
1,412E+01	2,299E-01	
1,413E+01	1,583E-01	
1,414E+01	1,392E-01	
1,414E+01	1,790E-01	
1,415E+01	2,808E-02	
1,415E+01	1,995E-01	
1,416E+01	3,323E-02	
1,417E+01	1,658E-02	
1,417E+01	2,009E-01	
1,418E+01	2,443E-01	
1,418E+01	1,441E-01	
1,419E+01	6,436E-02	
1,420E+01	1,329E-01	
1,420E+01	2,415E-01	
1,421E+01	1,745E-01	
1,422E+01	1,309E-01	
1,422E+01	4,337E-01	
1,423E+01	2,651E-01	
1,423E+01	1,350E-01	
1,424E+01	1,945E-01	
1,425E+01	1,752E-01	
1,425E+01	1,262E-01	
1,426E+01	1,174E-01	
1,426E+01	1,454E-01	
1,427E+01	1,318E-01	
1,428E+01	1,258E-01	
1,428E+01	9,866E-02	
1,429E+01	1,037E-01	
1,429E+01	1,740E-01	
1,430E+01	2,389E-01	
1,431E+01	2,586E-01	
1,431E+01	6,618E-02	
1,432E+01	7,763E-02	
1,432E+01	2,957E-01	
1,433E+01	1,456E-01	
1,434E+01	4,614E-02	
1,434E+01	2,584E-01	
1,435E+01	3,334E-01	
1,436E+01	1,690E-01	
1,436E+01	4,301E-02	
1,437E+01	1,317E-01	
1,437E+01	8,260E-02	
1,438E+01	7,798E-02	
1,439E+01	1,403E-01	
1,439E+01	7,957E-02	
1,440E+01	2,834E-01	
1,440E+01	1,157E-01	
1,441E+01	2,794E-01	
1,442E+01	1,635E-01	
1,442E+01	2,490E-02	
1,443E+01	2,195E-01	
1,443E+01	2,030E-01	
1,444E+01	8,930E-02	
1,445E+01	2,254E-01	
1,445E+01	1,094E-01	
1,446E+01	1,189E-01	
1,447E+01	3,095E-02	
1,447E+01	1,577E-01	
1,448E+01	2,521E-01	
1,448E+01	2,338E-01	
1,449E+01	1,549E-01	
1,450E+01	1,668E-01	
1,450E+01	1,771E-01	
1,451E+01	1,221E-01	
1,451E+01	2,534E-01	
1,452E+01	1,761E-01	
1,453E+01	8,808E-02	
1,453E+01	1,100E-01	
1,454E+01	4,983E-02	
1,454E+01	1,312E-01	
1,455E+01	1,162E-01	
1,456E+01	1,650E-01	
1,456E+01	1,793E-01	
1,457E+01	2,056E-01	
1,458E+01	1,964E-01	
1,458E+01	1,762E-01	
1,459E+01	9,225E-02	
1,459E+01	1,516E-01	
1,460E+01	5,778E-02	
1,461E+01	2,488E-01	
1,461E+01	1,315E-01	
1,462E+01	7,425E-02	
1,462E+01	1,457E-01	
1,463E+01	1,009E-01	
1,464E+01	1,980E-01	
1,464E+01	9,296E-02	
1,465E+01	1,458E-01	
1,465E+01	7,789E-02	
1,466E+01	1,526E-01	
1,467E+01	2,598E-01	
1,467E+01	1,034E-01	
1,468E+01	1,539E-01	
1,469E+01	2,409E-01	
1,469E+01	1,295E-01	
1,470E+01	1,201E-01	
1,470E+01	2,651E-01	
1,471E+01	7,091E-02	
1,472E+01	1,375E-01	
1,472E+01	2,591E-01	
1,473E+01	2,024E-01	
1,473E+01	1,182E-01	
1,474E+01	1,218E-01	
1,475E+01	1,932E-01	
1,475E+01	1,343E-01	
1,476E+01	2,317E-01	
1,476E+01	7,203E-02	
1,477E+01	1,851E-01	
1,478E+01	1,472E-01	
1,478E+01	1,684E-01	
1,479E+01	8,988E-02	
1,479E+01	2,733E-01	
1,480E+01	2,470E-01	
1,481E+01	2,095E-01	
1,481E+01	1,155E-01	
1,482E+01	9,543E-02	
1,483E+01	1,842E-01	
1,483E+01	7,117E-02	
1,484E+01	1,655E-01	
1,484E+01	7,491E-02	
1,485E+01	5,640E-02	
1,486E+01	2,695E-01	
1,486E+01	1,905E-01	
1,487E+01	3,065E-01	
1,487E+01	5,783E-02	
1,488E+01	1,310E-01	
1,489E+01	2,203E-01	
1,489E+01	1,319E-01	
1,490E+01	1,327E-01	
1,490E+01	1,411E-01	
1,491E+01	2,078E-01	
1,492E+01	1,199E-02	
1,492E+01	1,467E-01	
1,493E+01	1,853E-01	
1,494E+01	6,747E-02	
1,494E+01	2,063E-01	
1,495E+01	3,110E-01	
1,495E+01	1,327E-01	
1,496E+01	2,473E-01	
1,497E+01	7,597E-02	
1,497E+01	1,079E-01	
1,498E+01	1,685E-01	
1,498E+01	1,491E-01	
1,499E+01	5,706E-02	
1,500E+01	1,765E-01	
1,500E+01	1,679E-01	
1,501E+01	1,192E-01	
1,501E+01	6,399E-02	
1,502E+01	1,956E-01	
1,503E+01	2,074E-01	
1,503E+01	2,193E-01	
1,504E+01	1,635E-01	
1,505E+01	1,058E-01	
1,505E+01	1,319E-01	
1,506E+01	1,497E-01	
1,506E+01	1,023E-01	
1,507E+01	2,159E-01	
1,508E+01	1,354E-01	
1,508E+01	8,671E-03	
1,509E+01	1,916E-01	
1,509E+01	2,485E-02	
1,510E+01	2,076E-01	
1,511E+01	1,219E-01	
1,511E+01	1,058E-01	
1,512E+01	1,162E-01	
1,512E+01	2,676E-01	
1,513E+01	1,888E-01	
1,514E+01	1,381E-01	
1,514E+01	1,817E-02	
1,515E+01	2,063E-01	
1,516E+01	1,009E-01	
1,516E+01	6,343E-02	
1,517E+01	1,182E-01	
1,517E+01	1,210E-01	
1,518E+01	1,726E-01	
1,519E+01	8,663E-02	
1,519E+01	2,647E-01	
1,520E+01	7,592E-02	
1,520E+01	1,585E-01	
1,521E+01	1,056E-01	
1,522E+01	1,152E-01	
1,522E+01	1,815E-01	
1,523E+01	1,405E-01	
1,523E+01	1,562E-01	
1,524E+01	2,278E-01	
1,525E+01	4,413E-02	
1,525E+01	1,123E-01	
1,526E+01	1,065E-01	
1,526E+01	5,443E-02	
1,527E+01	5,773E-02	
1,528E+01	2,780E-01	
1,528E+01	2,910E-01	
1,529E+01	1,386E-01	
1,530E+01	2,956E-01	
1,530E+01	7,727E-02	
1,531E+01	1,477E-01	
1,531E+01	1,153E-01	
1,532E+01	2,061E-01	
1,533E+01	7,522E-03	
1,533E+01	1,942E-01	
1,534E+01	1,288E-01	
1,534E+01	1,167E-01	
1,535E+01	5,644E-02	
1,536E+01	1,924E-01	
1,536E+01	1,641E-01	
1,537E+01	2,492E-01	
1,537E+01	4,645E-02	
1,538E+01	1,259E-01	
1,539E+01	1,969E-01	
1,539E+01	1,310E-01	
1,540E+01	1,411E-01	
1,541E+01	9,292E-02	
1,541E+01	1,878E-01	
1,542E+01	5,118E-02	
1,542E+01	1,234E-01	
1,543E+01	9,103E-02	
1,544E+01	1,503E-01	
1,544E+01	1,610E-01	
1,545E+01	1,834E-01	
1,545E+01	2,196E-01	
1,546E+01	5,745E-02	
1,547E+01	2,150E-01	
1,547E+01	3,514E-02	
1,548E+01	1,758E-01	
1,548E+01	1,211E-01	
1,549E+01	2,296E-01	
1,550E+01	1,077E-01	
1,550E+01	3,338E-02	
1,551E+01	1,901E-01	
1,552E+01	1,409E-02	
1,552E+01	2,285E-01	
1,553E+01	6,262E-02	
1,553E+01	1,892E-01	
1,554E+01	2,515E-01	
1,555E+01	4,432E-02	
1,555E+01	1,646E-01	
1,556E+01	1,861E-01	
1,556E+01	6,509E-02	
1,557E+01	1,141E-01	
1,558E+01	1,183E-01	
1,558E+01	3,254E-02	
1,559E+01	8,200E-02	
1,559E+01	1,397E-01	
1,560E+01	2,147E-01	
1,561E+01	4,948E-02	
1,561E+01	1,001E-01	
1,562E+01	1,901E-01	
1,563E+01	7,230E-02	
1,563E+01	2,831E-01	
1,564E+01	1,586E-01	
1,564E+01	2,116E-02	
1,565E+01	1,302E-01	
1,566E+01	1,591E-01	
1,566E+01	4,830E-02	
1,567E+01	1,687E-01	
1,567E+01	5,716E-02	
1,568E+01	1,627E-01	
1,569E+01	3,125E-02	
1,569E+01	1,019E-01	
1,570E+01	1,364E-01	
1,570E+01	6,760E-02	
1,571E+01	2,654E-01	
1,572E+01	6,435E-02	
1,572E+01	1,381E-01	
1,573E+01	1,547E-01	
1,573E+01	2,304E-01	
1,574E+01	6,758E-02	
1,575E+01	1,289E-01	
1,575E+01	1,076E-01	
1,576E+01	2,154E-01	
1,577E+01	1,233E-01	
1,577E+01	1,702E-01	
1,578E+01	1,162E-01	
1,578E+01	1,589E-01	
1,579E+01	8,561E-03	
1,580E+01	9,589E-02	
1,580E+01	8,367E-02	
1,581E+01	8,349E-02	
1,581E+01	9,582E-02	
1,582E+01	1,742E-01	
1,583E+01	8,218E-02	
1,583E+01	1,420E-02	
1,584E+01	1,606E-01	
1,584E+01	2,021E-01	
1,585E+01	1,544E-01	
1,586E+01	8,459E-02	
1,586E+01	2,007E-01	
1,587E+01	7,947E-02	
1,588E+01	8,842E-02	
1,588E+01	2,072E-01	
1,589E+01	8,393E-02	
1,589E+01	2,040E-01	
1,590E+01	7,146E-02	
1,591E+01	1,775E-01	
1,591E+01	5,869E-02	
1,592E+01	3,971E-02	
1,592E+01	2,398E-01	
1,593E+01	1,652E-01	
1,594E+01	9,930E-02	
1,594E+01	1,045E-01	
1,595E+01	1,956E-01	
1,595E+01	6,180E-02	
1,596E+01	1,049E-01	
1,597E+01	1,001E-01	
1,597E+01	1,115E-01	
1,598E+01	1,630E-01	
1,599E+01	1,439E-01	
1,599E+01	1,214E-01	
1,600E+01	1,770E-01	
1,600E+01	2,002E-02	
1,601E+01	3,095E-01	
1,602E+01	7,547E-02	
1,602E+01	1,533E-01	
1,603E+01	7,201E-02	
1,603E+01	1,468E-01	
1,604E+01	1,079E-01	
1,605E+01	7,764E-02	
1,605E+01	2,137E-01	
1,606E+01	1,273E-01	
1,606E+01	7,638E-02	
1,607E+01	1,321E-01	
1,608E+01	1,460E-01	
1,608E+01	2,391E-01	
1,609E+01	1,091E-01	
1,609E+01	2,660E-01	
1,610E+01	1,142E-01	
1,611E+01	1,451E-01	
1,611E+01	1,569E-01	
1,612E+01	6,762E-02	
1,613E+01	9,071E-02	
1,613E+01	1,166E-01	
1,614E+01	1,334E-01	
1,614E+01	5,294E-02	
1,615E+01	1,599E-01	
1,616E+01	9,218E-02	
1,616E+01	7,886E-02	
1,617E+01	2,338E-01	
1,617E+01	2,044E-01	
1,618E+01	1,255E-01	
1,619E+01	7,564E-02	
1,619E+01	1,868E-01	
1,620E+01	1,930E-01	
1,620E+01	5,376E-02	
1,621E+01	2,316E-01	
1,622E+01	4,187E-02	
1,622E+01	1,800E-01	
1,623E+01	1,938E-01	
1,624E+01	1,525E-01	
1,624E+01	2,037E-01	
1,625E+01	2,014E-01	
1,625E+01	1,272E-01	
1,626E+01	1,761E-01	
1,627E+01	1,595E-01	
1,627E+01	6,153E-02	
1,628E+01	1,086E-01	
1,628E+01	1,197E-01	
1,629E+01	1,542E-01	
1,630E+01	1,327E-01	
1,630E+01	1,384E-01	
1,631E+01	1,337E-01	
1,631E+01	1,072E-01	
1,632E+01	1,943E-01	
1,633E+01	2,374E-01	
1,633E+01	3,872E-02	
1,634E+01	1,539E-01	
1,635E+01	2,801E-02	
1,635E+01	1,878E-01	
1,636E+01	9,880E-02	
1,636E+01	2,785E-01	
1,637E+01	1,395E-01	
1,638E+01	1,385E-01	
1,638E+01	1,909E-01	
1,639E+01	1,097E-01	
1,639E+01	1,815E-01	
1,640E+01	1,204E-01	
1,641E+01	1,671E-01	
1,641E+01	1,915E-01	
1,642E+01	5,341E-02	
1,642E+01	9,616E-02	
1,643E+01	1,254E-01	
1,644E+01	6,172E-02	
1,644E+01	1,200E-01	
1,645E+01	2,028E-01	
1,646E+01	2,169E-01	
1,646E+01	1,966E-01	
1,647E+01	1,852E-01	
1,647E+01	3,166E-01	
1,648E+01	1,029E-01	
1,649E+01	2,299E-01	
1,649E+01	2,158E-01	
1,650E+01	1,062E-01	
1,650E+01	1,102E-01	
1,651E+01	8,097E-02	
1,652E+01	1,952E-01	
1,652E+01	1,485E-01	
1,653E+01	8,516E-02	
1,653E+01	1,720E-01	
1,654E+01	1,676E-01	
1,655E+01	5,551E-02	
1,655E+01	2,129E-01	
1,656E+01	1,832E-01	
1,656E+01	1,711E-01	
1,657E+01	1,854E-01	
1,658E+01	2,423E-01	
1,658E+01	1,502E-01	
1,659E+01	1,252E-01	
1,660E+01	1,573E-01	
1,660E+01	7,841E-02	
1,661E+01	8,960E-02	
1,661E+01	2,013E-01	
1,662E+01	1,835E-01	
1,663E+01	1,333E-01	
1,663E+01	8,625E-02	
1,664E+01	2,597E-01	
1,664E+01	2,178E-01	
1,665E+01	8,969E-02	
1,666E+01	2,060E-01	
1,666E+01	1,162E-01	
1,667E+01	2,055E-01	
1,667E+01	1,165E-01	
1,668E+01	2,080E-01	
1,669E+01	1,070E-01	
1,669E+01	1,888E-01	
1,670E+01	1,386E-01	
1,671E+01	2,243E-01	
1,671E+01	7,359E-02	
1,672E+01	1,905E-01	
1,672E+01	1,502E-01	
1,673E+01	6,332E-02	
1,674E+01	1,197E-01	
1,674E+01	3,157E-01	
1,675E+01	9,569E-02	
1,675E+01	2,506E-01	
1,676E+01	1,549E-01	
1,677E+01	1,787E-01	
1,677E+01	1,452E-01	
1,678E+01	2,164E-01	
1,678E+01	1,559E-01	
1,679E+01	6,449E-02	
1,680E+01	1,337E-01	
1,680E+01	1,596E-01	
1,681E+01	2,870E-01	
1,682E+01	2,296E-01	
1,682E+01	1,803E-01	
1,683E+01	1,773E-01	
1,683E+01	1,054E-01	
1,684E+01	1,551E-01	
1,685E+01	1,388E-01	
1,685E+01	3,126E-01	
1,686E+01	3,317E-02	
1,686E+01	2,627E-01	
1,687E+01	2,146E-01	
1,688E+01	3,255E-01	
1,688E+01	9,946E-02	
1,689E+01	8,155E-02	
1,689E+01	1,926E-01	
1,690E+01	3,971E-02	
1,691E+01	7,830E-02	
1,691E+01	2,172E-01	
1,692E+01	1,941E-01	
1,693E+01	2,238E-01	
1,693E+01	9,489E-02	
1,694E+01	1,628E-01	
1,694E+01	1,291E-01	
1,695E+01	8,163E-02	
1,696E+01	3,053E-01	
1,696E+01	1,889E-01	
1,697E+01	1,893E-01	
1,697E+01	2,252E-01	
1,698E+01	1,504E-01	
1,699E+01	4,683E-02	
1,699E+01	1,926E-01	
1,700E+01	6,663E-02	
1,700E+01	1,900E-01	
1,701E+01	7,587E-02	
1,702E+01	1,781E-01	
1,702E+01	9,220E-02	
1,703E+01	3,307E-02	
1,703E+01	2,068E-01	
1,704E+01	2,055E-01	
1,705E+01	1,041E-01	
1,705E+01	1,892E-01	
1,706E+01	1,741E-01	
1,707E+01	2,299E-01	
1,707E+01	1,902E-02	
1,708E+01	1,957E-01	
1,708E+01	1,139E-01	
1,709E+01	1,255E-01	
1,710E+01	1,577E-01	
1,710E+01	1,306E-01	
1,711E+01	1,293E-01	
1,711E+01	5,512E-02	
1,712E+01	1,541E-01	
1,713E+01	1,742E-01	
1,713E+01	9,352E-02	
1,714E+01	1,260E-01	
1,714E+01	2,672E-01	
1,715E+01	5,576E-02	
1,716E+01	1,985E-01	
1,716E+01	2,739E-01	
1,717E+01	1,399E-01	
1,718E+01	1,082E-01	
1,718E+01	9,733E-02	
1,719E+01	4,315E-02	
1,719E+01	1,498E-01	
1,720E+01	1,793E-01	
1,721E+01	2,340E-01	
1,721E+01	7,535E-02	
1,722E+01	2,765E-02	
1,722E+01	1,666E-01	
1,723E+01	1,411E-01	
1,724E+01	7,311E-02	
1,724E+01	1,887E-01	
1,725E+01	9,899E-02	
1,725E+01	2,593E-01	
1,726E+01	1,159E-01	
1,727E+01	2,418E-01	
1,727E+01	1,233E-01	
1,728E+01	5,620E-02	
1,729E+01	1,028E-01	
1,729E+01	1,602E-01	
1,730E+01	1,424E-01	
1,730E+01	1,687E-01	
1,731E+01	2,004E-01	
1,732E+01	1,685E-01	
1,732E+01	1,912E-01	
1,733E+01	9,298E-02	
1,733E+01	1,819E-01	
1,734E+01	1,541E-01	
1,735E+01	1,367E-01	
1,735E+01	1,362E-01	
1,736E+01	2,174E-01	
1,736E+01	1,186E-01	
1,737E+01	1,418E-01	
1,738E+01	2,485E-01	
1,738E+01	1,156E-01	
1,739E+01	1,358E-01	
1,740E+01	1,401E-01	
1,740E+01	4,839E-02	
1,741E+01	1,090E-01	
1,741E+01	6,883E-02	
1,742E+01	1,485E-01	
1,743E+01	6,407E-02	
1,743E+01	1,138E-01	
1,744E+01	2,013E-01	
1,744E+01	1,702E-01	
1,745E+01	4,144E-02	
1,746E+01	1,153E-01	
1,746E+01	9,323E-02	
1,747E+01	6,078E-02	
1,747E+01	1,884E-01	
1,748E+01	1,675E-01	
1,749E+01	6,997E-02	
1,749E+01	1,151E-01	
1,750E+01	1,969E-01	
1,750E+01	1,110E-01	
1,751E+01	7,179E-02	
1,752E+01	1,917E-01	
1,752E+01	1,210E-01	
1,753E+01	6,303E-02	
1,754E+01	6,375E-02	
1,754E+01	1,092E-01	
1,755E+01	1,346E-01	
1,755E+01	8,946E-02	
1,756E+01	1,602E-01	
1,757E+01	1,777E-01	
1,757E+01	9,893E-02	
1,758E+01	1,719E-01	
1,758E+01	8,410E-02	
1,759E+01	9,128E-02	
1,760E+01	3,850E-02	
1,760E+01	1,888E-01	
1,761E+01	2,970E-01	
1,761E+01	9,433E-02	
1,762E+01	1,757E-01	
1,763E+01	1,629E-01	
1,763E+01	4,455E-02	
1,764E+01	1,477E-01	
1,765E+01	1,707E-01	
1,765E+01	1,162E-01	
1,766E+01	8,235E-02	
1,766E+01	6,242E-02	
1,767E+01	1,179E-01	
1,768E+01	3,413E-02	
1,768E+01	3,459E-02	
1,769E+01	1,403E-01	
1,769E+01	5,321E-02	
1,770E+01	2,097E-01	
1,771E+01	1,440E-01	
1,771E+01	1,435E-01	
1,772E+01	6,549E-02	
1,772E+01	3,637E-02	
1,773E+01	9,254E-02	
1,774E+01	1,749E-02	
1,774E+01	1,587E-01	
1,775E+01	1,318E-01	
1,776E+01	2,080E-01	
1,776E+01	4,101E-02	
1,777E+01	1,832E-01	
1,777E+01	1,347E-01	
1,778E+01	2,510E-01	
1,779E+01	1,775E-01	
1,779E+01	1,553E-01	
1,780E+01	5,632E-02	
1,780E+01	9,237E-02	
1,781E+01	1,128E-01	
1,782E+01	6,334E-02	
1,782E+01	8,933E-02	
1,783E+01	1,058E-01	
1,783E+01	1,179E-01	
1,784E+01	1,065E-01	
1,785E+01	4,771E-02	
1,785E+01	2,812E-02	
1,786E+01	7,451E-02	
1,786E+01	1,494E-02	
1,787E+01	9,017E-02	
1,788E+01	6,906E-02	
1,788E+01	1,136E-01	
1,789E+01	9,779E-02	
1,790E+01	1,401E-01	
1,790E+01	1,683E-01	
1,791E+01	2,934E-02	
1,791E+01	9,451E-02	
1,792E+01	1,372E-01	
1,793E+01	5,772E-02	
1,793E+01	6,422E-02	
1,794E+01	1,539E-01	
1,794E+01	1,509E-01	
1,795E+01	1,121E-01	
1,796E+01	6,435E-02	
1,796E+01	1,075E-01	
1,797E+01	6,127E-02	
1,797E+01	6,120E-02	
1,798E+01	1,653E-01	
1,799E+01	4,542E-02	
1,799E+01	1,397E-01	
1,800E+01	2,301E-01	
1,801E+01	1,550E-01	
1,801E+01	7,768E-02	
1,802E+01	1,786E-01	
1,802E+01	1,520E-01	
1,803E+01	2,501E-02	
1,804E+01	2,501E-02	
1,804E+01	1,697E-01	
1,805E+01	1,056E-01	
1,805E+01	3,165E-02	
1,806E+01	8,489E-02	
1,807E+01	6,017E-02	
1,807E+01	6,495E-02	
1,808E+01	1,124E-01	
1,808E+01	6,737E-02	
1,809E+01	7,489E-02	
1,810E+01	5,822E-02	
1,810E+01	1,194E-01	
1,811E+01	8,983E-02	
1,812E+01	5,719E-02	
1,812E+01	7,814E-02	
1,813E+01	1,216E-01	
1,813E+01	4,343E-02	
1,814E+01	9,608E-02	
1,815E+01	1,316E-02	
1,815E+01	1,002E-01	
1,816E+01	3,217E-02	
1,816E+01	1,981E-02	
1,817E+01	1,399E-01	
1,818E+01	1,607E-01	
1,818E+01	8,066E-02	
1,819E+01	4,188E-02	
1,819E+01	2,375E-02	
1,820E+01	1,694E-01	
1,821E+01	1,836E-01	
1,821E+01	9,510E-02	
1,822E+01	4,258E-02	
1,823E+01	9,831E-02	
1,823E+01	6,799E-02	
1,824E+01	3,136E-02	
1,824E+01	7,810E-02	
1,825E+01	1,732E-01	
1,826E+01	1,153E-01	
1,826E+01	1,171E-01	
1,827E+01	9,573E-02	
1,827E+01	1,283E-01	
1,828E+01	4,907E-02	
1,829E+01	2,762E-02	
1,829E+01	7,578E-02	
1,830E+01	3,708E-02	
1,830E+01	3,597E-02	
1,831E+01	1,160E-01	
1,832E+01	7,104E-02	
1,832E+01	4,661E-02	
1,833E+01	7,524E-02	
1,833E+01	1,892E-01	
1,834E+01	9,852E-02	
1,835E+01	7,991E-02	
1,835E+01	1,232E-01	
1,836E+01	1,308E-01	
1,837E+01	6,677E-02	
1,837E+01	6,753E-02	
1,838E+01	8,533E-02	
1,838E+01	7,849E-02	
1,839E+01	1,059E-01	
1,840E+01	1,367E-01	
1,840E+01	4,721E-02	
1,841E+01	7,344E-03	
1,841E+01	1,284E-01	
1,842E+01	1,355E-01	
1,843E+01	3,916E-02	
1,843E+01	6,057E-02	
1,844E+01	1,463E-01	
1,844E+01	6,255E-02	
1,845E+01	6,230E-02	
1,846E+01	1,112E-01	
1,846E+01	4,051E-02	
1,847E+01	6,824E-02	
1,848E+01	3,666E-02	
1,848E+01	2,377E-02	
1,849E+01	4,941E-02	
1,849E+01	1,530E-01	
1,850E+01	1,463E-01	
1,851E+01	6,641E-02	
1,851E+01	5,656E-02	
1,852E+01	1,619E-01	
1,852E+01	1,237E-01	
1,853E+01	2,159E-02	
1,854E+01	5,741E-02	
1,854E+01	7,557E-02	
1,855E+01	8,199E-02	
1,855E+01	6,659E-02	
1,856E+01	1,311E-01	
1,857E+01	8,940E-02	
1,857E+01	2,637E-02	
1,858E+01	7,159E-02	
1,859E+01	4,948E-02	
1,859E+01	1,321E-01	
1,860E+01	5,828E-02	
1,860E+01	1,681E-01	
1,861E+01	6,325E-02	
1,862E+01	8,317E-02	
1,862E+01	1,601E-01	
1,863E+01	1,385E-01	
1,863E+01	9,389E-02	
1,864E+01	1,037E-01	
1,865E+01	1,725E-02	
1,865E+01	9,627E-02	
1,866E+01	1,146E-01	
1,866E+01	1,305E-01	
1,867E+01	8,461E-02	
1,868E+01	6,781E-02	
1,868E+01	7,944E-02	
1,869E+01	1,394E-01	
1,870E+01	1,525E-01	
1,870E+01	1,150E-01	
1,871E+01	4,573E-02	
1,871E+01	1,109E-01	
1,872E+01	6,121E-02	
1,873E+01	1,132E-01	
1,873E+01	1,438E-01	
1,874E+01	1,105E-01	
1,874E+01	8,457E-02	
1,875E+01	2,701E-02	
1,876E+01	1,202E-01	
1,876E+01	5,278E-02	
1,877E+01	2,391E-02	
1,877E+01	1,142E-01	
1,878E+01	8,035E-02	
1,879E+01	4,919E-02	
1,879E+01	5,266E-02	
1,880E+01	2,333E-02	
1,880E+01	3,957E-02	
1,881E+01	4,907E-02	
1,882E+01	2,790E-02	
1,882E+01	5,094E-02	
1,883E+01	3,442E-02	
1,884E+01	9,757E-02	
1,884E+01	7,534E-02	
1,885E+01	5,831E-02	
1,885E+01	1,476E-01	
1,886E+01	1,074E-01	
1,887E+01	8,820E-02	
1,887E+01	6,884E-02	
1,888E+01	6,315E-02	
1,888E+01	8,061E-02	
1,889E+01	9,617E-02	
1,890E+01	1,160E-01	
1,890E+01	6,974E-02	
1,891E+01	7,290E-02	
1,891E+01	1,313E-01	
1,892E+01	2,171E-01	
1,893E+01	1,012E-01	
1,893E+01	5,756E-02	
1,894E+01	6,434E-02	
1,895E+01	7,492E-02	
1,895E+01	2,226E-02	
1,896E+01	3,321E-02	
1,896E+01	5,861E-02	
1,897E+01	7,635E-02	
1,898E+01	7,634E-02	
1,898E+01	1,079E-01	
1,899E+01	3,959E-02	
1,899E+01	7,267E-02	
1,900E+01	9,167E-02	
1,901E+01	4,913E-02	
1,901E+01	2,700E-02	
1,902E+01	8,774E-02	
1,902E+01	1,459E-01	
1,903E+01	8,161E-02	
1,904E+01	2,878E-02	
1,904E+01	3,878E-02	
1,905E+01	6,545E-02	
1,906E+01	3,951E-02	
1,906E+01	1,164E-01	
1,907E+01	7,042E-02	
1,907E+01	4,936E-02	
1,908E+01	3,133E-02	
1,909E+01	3,176E-02	
1,909E+01	7,068E-02	
1,910E+01	9,059E-02	
1,910E+01	7,694E-02	
1,911E+01	6,395E-02	
1,912E+01	5,693E-02	
1,912E+01	4,709E-02	
1,913E+01	8,197E-02	
1,913E+01	8,141E-02	
1,914E+01	7,366E-02	
1,915E+01	4,926E-02	
1,915E+01	1,136E-01	
1,916E+01	9,571E-02	
1,917E+01	5,339E-02	
1,917E+01	6,190E-02	
1,918E+01	7,274E-02	
1,918E+01	1,393E-01	
1,919E+01	1,162E-01	
1,920E+01	1,167E-02	
1,920E+01	4,450E-02	
1,921E+01	1,069E-02	
1,921E+01	4,200E-02	
1,922E+01	7,173E-02	
1,923E+01	3,682E-02	
1,923E+01	4,375E-02	
1,924E+01	8,515E-02	
1,924E+01	6,472E-02	
1,925E+01	6,609E-02	
1,926E+01	1,508E-03	
1,926E+01	9,182E-03	
1,927E+01	6,512E-02	
1,927E+01	4,763E-02	
1,928E+01	8,390E-02	
1,929E+01	2,079E-02	
1,929E+01	9,569E-02	
1,930E+01	8,218E-02	
1,931E+01	4,471E-02	
1,931E+01	5,489E-02	
1,932E+01	4,527E-02	
1,932E+01	2,480E-02	
1,933E+01	6,848E-02	
1,934E+01	5,977E-02	
1,934E+01	1,806E-02	
1,935E+01	3,535E-02	
1,935E+01	6,367E-02	
1,936E+01	8,174E-02	
1,937E+01	4,006E-02	
1,937E+01	8,766E-03	
1,938E+01	6,857E-02	
1,938E+01	6,578E-02	
1,939E+01	3,958E-02	
1,940E+01	3,031E-02	
1,940E+01	7,356E-02	
1,941E+01	5,747E-02	
1,942E+01	6,997E-02	
1,942E+01	4,078E-02	
1,943E+01	1,171E-01	
1,943E+01	8,546E-02	
1,944E+01	3,407E-02	
1,945E+01	3,684E-02	
1,945E+01	1,062E-01	
1,946E+01	5,855E-02	
1,946E+01	9,474E-02	
1,947E+01	5,106E-02	
1,948E+01	5,163E-02	
1,948E+01	2,159E-02	
1,949E+01	1,278E-02	
1,949E+01	8,799E-02	
1,950E+01	9,961E-02	
1,951E+01	3,559E-02	
1,951E+01	4,132E-02	
1,952E+01	3,818E-02	
1,953E+01	3,503E-02	
1,953E+01	4,860E-02	
1,954E+01	8,486E-02	
1,954E+01	7,430E-02	
1,955E+01	7,618E-02	
1,956E+01	1,522E-01	
1,956E+01	2,629E-02	
1,957E+01	7,544E-02	
1,957E+01	1,067E-02	
1,958E+01	3,907E-02	
1,959E+01	4,400E-02	
1,959E+01	6,045E-02	
1,960E+01	2,167E-02	
1,960E+01	7,954E-02	
1,961E+01	9,592E-02	
1,962E+01	8,213E-02	
1,962E+01	2,450E-02	
1,963E+01	9,756E-02	
1,964E+01	1,571E-02	
1,964E+01	9,252E-02	
1,965E+01	9,020E-02	
1,965E+01	5,593E-02	
1,966E+01	6,400E-02	
1,967E+01	6,492E-02	
1,967E+01	3,230E-02	
1,968E+01	4,843E-02	
1,968E+01	4,834E-02	
1,969E+01	1,145E-01	
1,970E+01	1,934E-01	
1,970E+01	4,704E-02	
1,971E+01	1,032E-01	
1,971E+01	7,105E-03	
1,972E+01	1,378E-01	
1,973E+01	1,132E-01	
1,973E+01	6,406E-02	
1,974E+01	1,065E-01	
1,974E+01	9,004E-02	
1,975E+01	1,252E-01	
1,976E+01	1,103E-01	
1,976E+01	3,347E-02	
1,977E+01	1,396E-02	
1,978E+01	7,229E-02	
1,978E+01	8,315E-02	
1,979E+01	5,986E-02	
1,979E+01	9,637E-02	
1,980E+01	6,439E-02	
1,981E+01	3,308E-02	
1,981E+01	8,339E-02	
1,982E+01	4,400E-02	
1,982E+01	3,084E-02	
1,983E+01	3,388E-02	
1,984E+01	9,001E-02	
1,984E+01	2,720E-02	
1,985E+01	8,606E-02	
1,985E+01	5,726E-02	
1,986E+01	3,748E-02	
1,987E+01	1,930E-02	
1,987E+01	9,575E-03	
1,988E+01	4,166E-02	
1,989E+01	1,017E-01	
1,989E+01	1,086E-01	
1,990E+01	4,599E-02	
1,990E+01	6,253E-02	
1,991E+01	7,290E-02	
1,992E+01	6,754E-02	
1,992E+01	1,793E-01	
1,993E+01	8,184E-02	
1,993E+01	2,983E-02	
1,994E+01	5,234E-02	
1,995E+01	5,765E-02	
1,995E+01	7,127E-02	
1,996E+01	7,558E-02	
1,996E+01	9,260E-02	
1,997E+01	4,794E-02	
1,998E+01	5,511E-02	
1,998E+01	3,878E-02	
1,999E+01	5,710E-02	
2,000E+01	7,428E-02	
2,000E+01	8,879E-02	
2,001E+01	1,510E-01	
2,001E+01	1,767E-01	
2,002E+01	1,229E-01	
2,003E+01	6,516E-02	
2,003E+01	6,022E-02	
2,004E+01	6,106E-02	
2,004E+01	8,163E-02	
2,005E+01	1,123E-01	
2,006E+01	1,286E-01	
2,006E+01	3,286E-02	
2,007E+01	1,265E-01	
2,007E+01	8,752E-02	
2,008E+01	8,162E-02	
2,009E+01	1,077E-01	
2,009E+01	1,295E-01	
2,010E+01	3,366E-02	
2,010E+01	7,728E-03	
2,011E+01	3,967E-02	
2,012E+01	3,576E-02	
2,012E+01	8,382E-02	
2,013E+01	4,333E-02	
2,014E+01	7,395E-02	
2,014E+01	3,587E-02	
2,015E+01	9,192E-02	
2,015E+01	5,622E-02	
2,016E+01	6,761E-02	
2,017E+01	6,826E-02	
2,017E+01	1,312E-02	
2,018E+01	3,302E-02	
2,018E+01	1,560E-01	
2,019E+01	1,942E-01	
2,020E+01	6,339E-02	
2,020E+01	2,426E-02	
2,021E+01	4,980E-02	
2,021E+01	2,981E-02	
2,022E+01	4,476E-02	
2,023E+01	2,627E-02	
2,023E+01	4,183E-02	
2,024E+01	8,766E-02	
2,025E+01	6,685E-02	
2,025E+01	1,669E-01	
2,026E+01	8,331E-02	
2,026E+01	4,242E-02	
2,027E+01	1,809E-02	
2,028E+01	6,141E-02	
2,028E+01	1,601E-02	
2,029E+01	3,664E-02	
2,029E+01	6,795E-02	
2,030E+01	5,794E-02	
2,031E+01	1,107E-01	
2,031E+01	6,577E-02	
2,032E+01	6,573E-02	
2,032E+01	2,480E-02	
2,033E+01	8,963E-02	
2,034E+01	1,198E-01	
2,034E+01	7,041E-02	
2,035E+01	8,478E-02	
2,036E+01	1,055E-01	
2,036E+01	1,143E-01	
2,037E+01	8,095E-02	
2,037E+01	3,569E-02	
2,038E+01	3,695E-02	
2,039E+01	5,117E-02	
2,039E+01	7,776E-02	
2,040E+01	1,476E-01	
2,040E+01	1,217E-01	
2,041E+01	6,166E-02	
2,042E+01	4,934E-02	
2,042E+01	4,763E-02	
2,043E+01	2,727E-02	
2,043E+01	4,979E-02	
2,044E+01	9,582E-02	
2,045E+01	7,714E-02	
2,045E+01	1,856E-02	
2,046E+01	9,930E-02	
2,047E+01	1,079E-01	
2,047E+01	4,041E-02	
2,048E+01	2,397E-02	
2,048E+01	3,670E-02	
2,049E+01	3,598E-02	
2,050E+01	5,352E-02	
2,050E+01	1,135E-01	
2,051E+01	1,215E-01	
2,051E+01	1,200E-02	
2,052E+01	1,815E-02	
2,053E+01	8,246E-02	
2,053E+01	4,852E-02	
2,054E+01	2,519E-02	
2,054E+01	6,672E-02	
2,055E+01	1,301E-01	
2,056E+01	6,054E-02	
2,056E+01	2,215E-02	
2,057E+01	6,515E-02	
2,057E+01	9,116E-02	
2,058E+01	8,923E-02	
2,059E+01	8,993E-02	
2,059E+01	9,053E-02	
2,060E+01	6,856E-02	
2,061E+01	6,723E-02	
2,061E+01	9,924E-02	
2,062E+01	5,293E-02	
2,062E+01	7,431E-02	
2,063E+01	8,218E-02	
2,064E+01	9,163E-02	
2,064E+01	5,000E-02	
2,065E+01	1,318E-01	
2,065E+01	4,746E-02	
2,066E+01	1,133E-01	
2,067E+01	1,864E-02	
2,067E+01	5,069E-02	
2,068E+01	6,295E-02	
2,068E+01	4,735E-02	
2,069E+01	7,770E-02	
2,070E+01	7,613E-02	
2,070E+01	5,613E-02	
2,071E+01	1,072E-01	
2,072E+01	8,021E-02	
2,072E+01	3,706E-02	
2,073E+01	4,052E-02	
2,073E+01	1,767E-02	
2,074E+01	1,273E-01	
2,075E+01	7,240E-02	
2,075E+01	7,802E-02	
2,076E+01	8,544E-02	
2,076E+01	3,390E-02	
2,077E+01	8,454E-02	
2,078E+01	4,365E-02	
2,078E+01	1,186E-01	
2,079E+01	6,613E-02	
2,079E+01	1,230E-01	
2,080E+01	1,031E-01	
2,081E+01	9,524E-02	
2,081E+01	3,899E-02	
2,082E+01	1,132E-01	
2,083E+01	1,084E-01	
2,083E+01	2,498E-02	
2,084E+01	5,344E-02	
2,084E+01	8,557E-02	
2,085E+01	4,259E-02	
2,086E+01	7,535E-02	
2,086E+01	1,290E-01	
2,087E+01	9,104E-02	
2,087E+01	2,521E-02	
2,088E+01	5,382E-02	
2,089E+01	1,600E-01	
2,089E+01	7,100E-02	
2,090E+01	8,399E-02	
2,090E+01	1,320E-01	
2,091E+01	9,036E-02	
2,092E+01	5,222E-02	
2,092E+01	1,441E-01	
2,093E+01	1,334E-01	
2,094E+01	4,881E-02	
2,094E+01	7,154E-02	
2,095E+01	1,786E-01	
2,095E+01	1,487E-01	
2,096E+01	2,832E-02	
2,097E+01	4,057E-02	
2,097E+01	8,402E-02	
2,098E+01	2,138E-02	
2,098E+01	1,049E-01	
2,099E+01	1,243E-01	
2,100E+01	6,390E-02	
2,100E+01	1,440E-02	
2,101E+01	7,177E-02	
2,101E+01	8,088E-02	
2,102E+01	2,876E-02	
2,103E+01	7,945E-02	
2,103E+01	2,033E-01	
2,104E+01	1,808E-01	
2,104E+01	1,317E-01	
2,105E+01	1,108E-01	
2,106E+01	1,144E-01	
2,106E+01	9,378E-02	
2,107E+01	3,158E-02	
2,108E+01	4,795E-02	
2,108E+01	7,500E-02	
2,109E+01	3,967E-02	
2,109E+01	1,114E-01	
2,110E+01	5,319E-02	
2,111E+01	4,133E-02	
2,111E+01	9,821E-02	
2,112E+01	8,871E-02	
2,112E+01	8,445E-02	
2,113E+01	1,457E-02	
2,114E+01	8,910E-02	
2,114E+01	1,341E-01	
2,115E+01	1,423E-01	
2,115E+01	1,367E-01	
2,116E+01	5,728E-02	
2,117E+01	5,138E-02	
2,117E+01	6,792E-02	
2,118E+01	6,444E-02	
2,119E+01	7,510E-02	
2,119E+01	1,635E-02	
2,120E+01	1,110E-01	
2,120E+01	1,125E-01	
2,121E+01	1,106E-01	
2,122E+01	6,584E-02	
2,122E+01	5,012E-02	
2,123E+01	5,017E-02	
2,123E+01	4,375E-02	
2,124E+01	8,360E-02	
2,125E+01	7,024E-02	
2,125E+01	3,382E-02	
2,126E+01	4,291E-02	
2,126E+01	5,275E-02	
2,127E+01	4,530E-02	
2,128E+01	6,855E-02	
2,128E+01	9,966E-02	
2,129E+01	6,999E-02	
2,130E+01	4,863E-02	
2,130E+01	3,804E-02	
2,131E+01	8,429E-02	
2,131E+01	3,472E-02	
2,132E+01	9,767E-02	
2,133E+01	4,804E-02	
2,133E+01	3,716E-02	
2,134E+01	7,723E-02	
2,134E+01	1,363E-02	
2,135E+01	7,994E-02	
2,136E+01	1,239E-02	
2,136E+01	4,388E-02	
2,137E+01	5,408E-02	
2,137E+01	6,691E-02	
2,138E+01	1,075E-01	
2,139E+01	8,633E-02	
2,139E+01	1,181E-01	
2,140E+01	5,979E-02	
2,141E+01	2,346E-02	
2,141E+01	1,051E-02	
2,142E+01	2,018E-02	
2,142E+01	7,469E-02	
2,143E+01	1,068E-01	
2,144E+01	3,905E-02	
2,144E+01	3,698E-02	
2,145E+01	6,633E-02	
2,145E+01	1,044E-01	
2,146E+01	3,631E-02	
2,147E+01	8,802E-03	
2,147E+01	5,816E-02	
2,148E+01	8,520E-02	
2,148E+01	7,284E-02	
2,149E+01	6,457E-02	
2,150E+01	8,079E-02	
2,150E+01	1,039E-01	
2,151E+01	2,283E-02	
2,151E+01	4,429E-03	
2,152E+01	6,947E-02	
2,153E+01	3,234E-02	
2,153E+01	4,482E-02	
2,154E+01	1,921E-02	
2,155E+01	7,253E-02	
2,155E+01	4,026E-02	
2,156E+01	6,650E-02	
2,156E+01	1,042E-01	
2,157E+01	8,079E-02	
2,158E+01	8,827E-02	
2,158E+01	8,406E-02	
2,159E+01	4,267E-02	
2,159E+01	7,391E-02	
2,160E+01	3,879E-02	
2,161E+01	6,921E-02	
2,161E+01	8,923E-02	
2,162E+01	8,585E-02	
2,162E+01	8,670E-02	
2,163E+01	5,381E-02	
2,164E+01	5,308E-02	
2,164E+01	9,580E-02	
2,165E+01	9,025E-02	
2,166E+01	5,288E-02	
2,166E+01	3,312E-02	
2,167E+01	6,375E-02	
2,167E+01	1,964E-02	
2,168E+01	6,995E-02	
2,169E+01	1,146E-01	
2,169E+01	2,447E-02	
2,170E+01	6,158E-02	
2,170E+01	6,903E-02	
2,171E+01	7,390E-02	
2,172E+01	4,330E-02	
2,172E+01	1,414E-02	
2,173E+01	7,823E-02	
2,173E+01	5,540E-02	
2,174E+01	8,775E-02	
2,175E+01	8,280E-02	
2,175E+01	5,980E-02	
2,176E+01	4,684E-02	
2,177E+01	6,201E-02	
2,177E+01	9,144E-02	
2,178E+01	7,835E-02	
2,178E+01	1,275E-01	
2,179E+01	1,354E-01	
2,180E+01	5,985E-02	
2,180E+01	6,333E-02	
2,181E+01	8,980E-02	
2,181E+01	2,121E-03	
2,182E+01	3,392E-02	
2,183E+01	3,577E-02	
2,183E+01	2,357E-02	
2,184E+01	3,973E-02	
2,184E+01	7,969E-02	
2,185E+01	8,332E-02	
2,186E+01	1,912E-02	
2,186E+01	4,844E-02	
2,187E+01	7,900E-02	
2,188E+01	1,111E-01	
2,188E+01	6,076E-02	
2,189E+01	6,334E-02	
2,189E+01	8,873E-02	
2,190E+01	2,750E-02	
2,191E+01	3,088E-02	
2,191E+01	1,488E-01	
2,192E+01	1,234E-01	
2,192E+01	5,868E-03	
2,193E+01	5,112E-02	
2,194E+01	1,257E-01	
2,194E+01	2,596E-02	
2,195E+01	9,419E-02	
2,195E+01	1,049E-01	
2,196E+01	8,726E-02	
2,197E+01	2,877E-02	
2,197E+01	9,045E-02	
2,198E+01	7,108E-02	
2,198E+01	1,566E-02	
2,199E+01	5,685E-02	
2,200E+01	9,813E-02	
2,200E+01	4,159E-02	
2,201E+01	3,606E-02	
2,202E+01	9,319E-02	
2,202E+01	4,190E-02	
2,203E+01	1,233E-01	
2,203E+01	9,741E-02	
2,204E+01	8,688E-02	
2,205E+01	5,858E-02	
2,205E+01	5,268E-02	
2,206E+01	5,465E-02	
2,206E+01	1,971E-02	
2,207E+01	5,017E-02	
2,208E+01	9,524E-02	
2,208E+01	1,191E-01	
2,209E+01	1,511E-02	
2,209E+01	2,041E-02	
2,210E+01	6,586E-02	
2,211E+01	7,172E-02	
2,211E+01	6,503E-02	
2,212E+01	1,171E-01	
2,213E+01	4,698E-02	
2,213E+01	6,102E-02	
2,214E+01	6,151E-02	
2,214E+01	8,074E-02	
2,215E+01	1,209E-02	
2,216E+01	4,028E-02	
2,216E+01	4,630E-02	
2,217E+01	2,798E-02	
2,217E+01	8,406E-02	
2,218E+01	1,956E-02	
2,219E+01	8,380E-02	
2,219E+01	5,343E-02	
2,220E+01	5,245E-02	
2,220E+01	5,488E-02	
2,221E+01	6,228E-02	
2,222E+01	3,649E-02	
2,222E+01	6,592E-02	
2,223E+01	8,135E-02	
2,224E+01	6,370E-02	
2,224E+01	8,750E-02	
2,225E+01	1,258E-01	
2,225E+01	3,118E-02	
2,226E+01	3,542E-02	
2,227E+01	9,648E-02	
2,227E+01	6,147E-02	
2,228E+01	6,811E-02	
2,228E+01	2,107E-02	
2,229E+01	5,364E-02	
2,230E+01	9,148E-02	
2,230E+01	1,500E-02	
2,231E+01	9,041E-02	
2,231E+01	4,644E-02	
2,232E+01	7,223E-02	
2,233E+01	1,042E-01	
2,233E+01	5,751E-02	
2,234E+01	9,076E-02	
2,234E+01	2,432E-02	
2,235E+01	4,949E-02	
2,236E+01	7,674E-02	
2,236E+01	1,111E-01	
2,237E+01	1,544E-01	
2,238E+01	7,414E-02	
2,238E+01	4,581E-02	
2,239E+01	8,466E-02	
2,239E+01	6,014E-02	
2,240E+01	7,978E-02	
2,241E+01	4,588E-02	
2,241E+01	7,310E-03	
2,242E+01	7,435E-02	
2,242E+01	1,256E-01	
2,243E+01	1,328E-01	
2,244E+01	6,626E-02	
2,244E+01	5,926E-02	
2,245E+01	4,856E-02	
2,245E+01	2,024E-02	
2,246E+01	8,862E-02	
2,247E+01	2,820E-02	
2,247E+01	2,892E-02	
2,248E+01	6,037E-02	
2,249E+01	1,300E-01	
2,249E+01	9,758E-02	
2,250E+01	7,179E-02	
2,250E+01	4,919E-02	
2,251E+01	2,513E-02	
2,252E+01	4,783E-02	
2,252E+01	8,278E-02	
2,253E+01	2,960E-02	
2,253E+01	2,509E-02	
2,254E+01	5,408E-02	
2,255E+01	2,443E-02	
2,255E+01	3,499E-02	
2,256E+01	9,361E-02	
2,256E+01	6,573E-02	
2,257E+01	2,577E-02	
2,258E+01	7,684E-02	
2,258E+01	1,626E-02	
2,259E+01	6,195E-02	
2,260E+01	8,757E-02	
2,260E+01	1,320E-01	
2,261E+01	5,876E-02	
2,261E+01	5,966E-02	
2,262E+01	8,972E-02	
2,263E+01	4,768E-02	
2,263E+01	1,071E-02	
2,264E+01	9,446E-02	
2,264E+01	4,153E-02	
2,265E+01	5,955E-02	
2,266E+01	8,451E-02	
2,266E+01	1,090E-01	
2,267E+01	4,430E-02	
2,267E+01	6,956E-02	
2,268E+01	3,924E-02	
2,269E+01	6,728E-02	
2,269E+01	4,462E-03	
2,270E+01	1,306E-01	
2,271E+01	1,114E-01	
2,271E+01	4,046E-02	
2,272E+01	9,710E-02	
2,272E+01	1,821E-01	
2,273E+01	1,051E-01	
2,274E+01	2,975E-02	
2,274E+01	1,039E-01	
2,275E+01	1,773E-01	
2,275E+01	5,129E-02	
2,276E+01	1,013E-01	
2,277E+01	7,013E-02	
2,277E+01	1,311E-01	
2,278E+01	6,846E-02	
2,278E+01	1,360E-01	
2,279E+01	1,337E-01	
2,280E+01	9,474E-03	
2,280E+01	1,073E-01	
2,281E+01	8,957E-02	
2,281E+01	6,668E-02	
2,282E+01	6,440E-02	
2,283E+01	1,290E-01	
2,283E+01	7,105E-02	
2,284E+01	4,118E-02	
2,285E+01	6,950E-02	
2,285E+01	1,321E-01	
2,286E+01	8,672E-02	
2,286E+01	9,747E-03	
2,287E+01	9,056E-02	
2,288E+01	6,479E-02	
2,288E+01	5,518E-02	
2,289E+01	7,730E-02	
2,289E+01	1,063E-01	
2,290E+01	7,603E-02	
2,291E+01	1,012E-01	
2,291E+01	5,678E-02	
2,292E+01	1,032E-01	
2,292E+01	1,420E-02	
2,293E+01	1,077E-01	
2,294E+01	7,098E-02	
2,294E+01	2,851E-02	
2,295E+01	8,408E-02	
2,296E+01	1,060E-01	
2,296E+01	7,532E-02	
2,297E+01	4,551E-02	
2,297E+01	8,544E-02	
2,298E+01	1,226E-01	
2,299E+01	1,618E-02	
2,299E+01	8,292E-02	
2,300E+01	1,498E-01	
2,300E+01	1,410E-01	
2,301E+01	3,214E-02	
2,302E+01	7,940E-02	
2,302E+01	6,192E-02	
2,303E+01	5,055E-02	
2,303E+01	8,185E-02	
2,304E+01	4,303E-02	
2,305E+01	4,465E-02	
2,305E+01	4,484E-02	
2,306E+01	1,358E-01	
2,307E+01	4,963E-02	
2,307E+01	7,156E-02	
2,308E+01	3,403E-02	
2,308E+01	8,419E-02	
2,309E+01	1,119E-01	
2,310E+01	5,603E-02	
2,310E+01	1,146E-01	
2,311E+01	1,145E-01	
2,311E+01	8,936E-02	
2,312E+01	8,320E-02	
2,313E+01	9,304E-02	
2,313E+01	5,875E-02	
2,314E+01	6,660E-02	
2,314E+01	1,059E-01	
2,315E+01	1,776E-02	
2,316E+01	5,518E-02	
2,316E+01	1,809E-01	
2,317E+01	6,198E-02	
2,318E+01	5,711E-02	
2,318E+01	4,780E-02	
2,319E+01	9,869E-02	
2,319E+01	1,183E-01	
2,320E+01	2,726E-02	
2,321E+01	1,403E-01	
2,321E+01	4,900E-02	
2,322E+01	4,708E-02	
2,322E+01	1,714E-02	
2,323E+01	6,181E-02	
2,324E+01	7,689E-02	
2,324E+01	6,355E-02	
2,325E+01	4,822E-02	
2,325E+01	8,068E-02	
2,326E+01	3,398E-02	
2,327E+01	1,222E-01	
2,327E+01	9,170E-02	
2,328E+01	5,822E-02	
2,328E+01	2,161E-02	
2,329E+01	1,331E-01	
2,330E+01	1,207E-01	
2,330E+01	3,502E-02	
2,331E+01	5,842E-02	
2,332E+01	6,135E-03	
2,332E+01	3,371E-02	
2,333E+01	4,658E-02	
2,333E+01	3,687E-02	
2,334E+01	2,169E-02	
2,335E+01	2,445E-02	
2,335E+01	1,148E-01	
2,336E+01	7,047E-02	
2,336E+01	1,977E-02	
2,337E+01	5,031E-02	
2,338E+01	7,994E-02	
2,338E+01	4,076E-02	
2,339E+01	4,681E-02	
2,339E+01	9,594E-02	
2,340E+01	4,235E-02	
2,341E+01	3,788E-02	
2,341E+01	1,640E-02	
2,342E+01	1,578E-02	
2,343E+01	8,179E-03	
2,343E+01	7,659E-02	
2,344E+01	1,116E-01	
2,344E+01	2,789E-02	
2,345E+01	3,690E-02	
2,346E+01	2,782E-02	
2,346E+01	1,279E-02	
2,347E+01	7,207E-02	
2,347E+01	5,208E-02	
2,348E+01	4,545E-02	
2,349E+01	1,371E-02	
2,349E+01	1,034E-01	
2,350E+01	1,097E-01	
2,350E+01	4,757E-02	
2,351E+01	6,053E-02	
2,352E+01	1,030E-01	
2,352E+01	5,555E-02	
2,353E+01	1,532E-02	
2,354E+01	2,981E-02	
2,354E+01	6,810E-02	
2,355E+01	5,225E-02	
2,355E+01	4,918E-02	
2,356E+01	6,205E-02	
2,357E+01	2,482E-02	
2,357E+01	1,485E-02	
2,358E+01	2,002E-02	
2,358E+01	1,644E-02	
2,359E+01	7,183E-02	
2,360E+01	6,224E-02	
2,360E+01	3,276E-02	
2,361E+01	5,970E-02	
2,361E+01	5,311E-02	
2,362E+01	6,084E-02	
2,363E+01	5,937E-02	
2,363E+01	6,757E-02	
2,364E+01	8,029E-02	
2,365E+01	4,774E-02	
2,365E+01	5,600E-02	
2,366E+01	2,111E-02	
2,366E+01	4,691E-02	
2,367E+01	4,404E-02	
2,368E+01	1,759E-03	
2,368E+01	5,974E-02	
2,369E+01	6,249E-02	
2,369E+01	1,771E-02	
2,370E+01	3,818E-02	
2,371E+01	3,303E-02	
2,371E+01	5,866E-02	
2,372E+01	5,486E-02	
2,372E+01	6,643E-02	
2,373E+01	7,857E-02	
2,374E+01	6,523E-02	
2,374E+01	3,669E-02	
2,375E+01	9,809E-02	
2,375E+01	9,991E-02	
2,376E+01	1,480E-02	
2,377E+01	5,568E-02	
2,377E+01	4,148E-02	
2,378E+01	2,380E-02	
2,379E+01	9,017E-03	
2,379E+01	5,643E-02	
2,380E+01	8,203E-03	
2,380E+01	3,233E-02	
2,381E+01	8,064E-02	
2,382E+01	3,084E-02	
2,382E+01	6,067E-02	
2,383E+01	1,911E-02	
2,383E+01	5,213E-02	
2,384E+01	1,033E-02	
2,385E+01	7,955E-02	
2,385E+01	2,837E-02	
2,386E+01	4,905E-02	
2,386E+01	3,944E-02	
2,387E+01	8,894E-02	
2,388E+01	1,853E-02	
2,388E+01	3,780E-02	
2,389E+01	3,148E-02	
2,390E+01	4,547E-02	
2,390E+01	6,494E-02	
2,391E+01	4,412E-02	
2,391E+01	1,047E-01	
2,392E+01	1,075E-02	
2,393E+01	4,827E-02	
2,393E+01	3,904E-02	
2,394E+01	3,945E-02	
2,394E+01	3,645E-02	
2,395E+01	1,033E-02	
2,396E+01	4,833E-02	
2,396E+01	9,252E-02	
2,397E+01	2,342E-02	
2,397E+01	7,936E-02	
2,398E+01	6,992E-02	
2,399E+01	7,701E-02	
2,399E+01	5,713E-02	
2,400E+01	4,824E-02	
2,401E+01	2,359E-02	
2,401E+01	7,773E-02	
2,402E+01	5,494E-02	
2,402E+01	3,609E-02	
2,403E+01	2,525E-02	
2,404E+01	5,782E-02	
2,404E+01	2,574E-02	
2,405E+01	9,776E-02	
2,405E+01	5,821E-02	
2,406E+01	6,052E-02	
2,407E+01	3,265E-02	
2,407E+01	4,902E-02	
2,408E+01	2,412E-02	
2,408E+01	4,763E-02	
2,409E+01	4,541E-02	
2,410E+01	9,499E-02	
2,410E+01	6,655E-02	
2,411E+01	3,932E-02	
2,411E+01	6,089E-02	
2,412E+01	4,621E-02	
2,413E+01	3,512E-02	
2,413E+01	2,903E-02	
2,414E+01	3,864E-02	
2,415E+01	6,965E-02	
2,415E+01	6,025E-02	
2,416E+01	7,328E-02	
2,416E+01	6,018E-02	
2,417E+01	4,186E-02	
2,418E+01	3,771E-02	
2,418E+01	8,542E-02	
2,419E+01	6,951E-02	
2,419E+01	8,701E-02	
2,420E+01	4,259E-02	
2,421E+01	7,775E-02	
2,421E+01	5,461E-02	
2,422E+01	3,179E-02	
2,422E+01	6,228E-02	
2,423E+01	5,433E-02	
2,424E+01	1,965E-02	
2,424E+01	8,258E-02	
2,425E+01	6,249E-02	
2,426E+01	6,146E-02	
2,426E+01	8,098E-02	
2,427E+01	2,030E-02	
2,427E+01	3,896E-02	
2,428E+01	4,597E-02	
2,429E+01	8,031E-02	
2,429E+01	1,907E-02	
2,430E+01	3,185E-02	
2,430E+01	4,317E-02	
2,431E+01	5,455E-02	
2,432E+01	6,800E-02	
2,432E+01	5,050E-02	
2,433E+01	5,108E-02	
2,433E+01	6,774E-02	
2,434E+01	1,536E-02	
2,435E+01	8,857E-02	
2,435E+01	7,358E-02	
2,436E+01	6,624E-02	
2,437E+01	3,697E-02	
2,437E+01	6,513E-02	
2,438E+01	3,806E-02	
2,438E+01	6,373E-02	
2,439E+01	5,638E-02	
2,440E+01	5,355E-02	
2,440E+01	3,476E-02	
2,441E+01	4,736E-02	
2,441E+01	3,682E-02	
2,442E+01	2,285E-02	
2,443E+01	3,876E-02	
2,443E+01	2,069E-02	
2,444E+01	7,292E-02	
2,444E+01	3,268E-02	
2,445E+01	4,657E-02	
2,446E+01	3,297E-02	
2,446E+01	5,974E-02	
2,447E+01	7,771E-02	
2,448E+01	2,984E-02	
2,448E+01	2,325E-02	
2,449E+01	2,827E-02	
2,449E+01	6,065E-02	
2,450E+01	4,560E-02	
2,451E+01	6,584E-02	
2,451E+01	9,924E-02	
2,452E+01	2,118E-02	
2,452E+01	7,306E-02	
2,453E+01	2,706E-02	
2,454E+01	9,491E-02	
2,454E+01	4,906E-02	
2,455E+01	9,944E-03	
2,455E+01	4,995E-02	
2,456E+01	4,192E-02	
2,457E+01	2,841E-02	
2,457E+01	3,649E-02	
2,458E+01	4,160E-02	
2,458E+01	3,664E-02	
2,459E+01	2,995E-02	
2,460E+01	4,900E-02	
2,460E+01	6,808E-02	
2,461E+01	4,790E-02	
2,462E+01	7,652E-02	
2,462E+01	2,510E-02	
2,463E+01	1,152E-01	
2,463E+01	4,597E-02	
2,464E+01	3,629E-02	
2,465E+01	6,743E-02	
2,465E+01	2,482E-02	
2,466E+01	1,057E-01	
2,466E+01	7,565E-02	
2,467E+01	9,345E-02	
2,468E+01	7,674E-02	
2,468E+01	5,931E-02	
2,469E+01	1,333E-02	
2,469E+01	2,377E-02	
2,470E+01	3,225E-02	
2,471E+01	2,385E-02	
2,471E+01	4,049E-02	
2,472E+01	3,920E-02	
2,473E+01	2,906E-02	
2,473E+01	4,592E-02	
2,474E+01	4,582E-02	
2,474E+01	6,304E-02	
2,475E+01	1,025E-01	
2,476E+01	2,348E-02	
2,476E+01	6,115E-02	
2,477E+01	2,897E-02	
2,477E+01	7,492E-02	
2,478E+01	2,245E-02	
2,479E+01	5,729E-02	
2,479E+01	3,060E-02	
2,480E+01	5,692E-02	
2,480E+01	3,199E-02	
2,481E+01	7,786E-02	
2,482E+01	5,120E-02	
2,482E+01	5,318E-02	
2,483E+01	2,356E-03	
2,484E+01	2,421E-02	
2,484E+01	6,756E-02	
2,485E+01	6,586E-02	
2,485E+01	4,414E-02	
2,486E+01	7,104E-02	
2,487E+01	6,162E-02	
2,487E+01	1,325E-02	
2,488E+01	4,975E-02	
2,488E+01	8,040E-02	
2,489E+01	8,674E-02	
2,490E+01	5,179E-02	
2,490E+01	4,872E-02	
2,491E+01	8,338E-03	
2,491E+01	2,414E-02	
2,492E+01	3,806E-02	
2,493E+01	2,219E-02	
2,493E+01	9,741E-02	
2,494E+01	2,986E-02	
2,495E+01	3,314E-02	
2,495E+01	9,043E-02	
2,496E+01	2,322E-02	
2,496E+01	1,215E-01	
2,497E+01	2,492E-02	
2,498E+01	7,311E-02	
2,498E+01	1,294E-01	
2,499E+01	6,679E-02	
2,499E+01	3,676E-01	
