# Temperatur in Celsius  Fallzeit in s 
3.000000000000000000e+01 9.692000000000000171e+01
3.000000000000000000e+01 9.704000000000000625e+01
3.500000000000000000e+01 9.357999999999999829e+01
3.500000000000000000e+01 9.373000000000000398e+01
4.000000000000000000e+01 9.262999999999999545e+01
4.000000000000000000e+01 9.295000000000000284e+01
4.500000000000000000e+01 9.035999999999999943e+01
4.500000000000000000e+01 9.045000000000000284e+01
5.000000000000000000e+01 8.773000000000000398e+01
5.000000000000000000e+01 8.754999999999999716e+01
5.500000000000000000e+01 8.335999999999999943e+01
5.500000000000000000e+01 8.343999999999999773e+01
6.000000000000000000e+01 8.137999999999999545e+01
6.000000000000000000e+01 8.134999999999999432e+01
6.300000000000000000e+01 7.960999999999999943e+01
6.300000000000000000e+01 7.960999999999999943e+01
6.600000000000000000e+01 7.801000000000000512e+01
6.600000000000000000e+01 7.762999999999999545e+01
7.000000000000000000e+01 7.304000000000000625e+01
7.000000000000000000e+01 7.318000000000000682e+01
