# temp (celsius) dichte (10^3kg m^-3) 
3.000000000000000000e+01 9.956500000000000350e-01
3.500000000000000000e+01 9.939999999999999947e-01
4.000000000000000000e+01 9.921999999999999709e-01
4.500000000000000000e+01 9.901999999999999691e-01
5.000000000000000000e+01 9.879999999999999893e-01
5.500000000000000000e+01 9.857000000000000206e-01
6.000000000000000000e+01 9.831999999999999629e-01
6.500000000000000000e+01 9.806000000000000272e-01
6.500000000000000000e+01 9.806000000000000272e-01
7.000000000000000000e+01 9.778000000000000025e-01
