# x y 
9.100000000000000311e-01 1.700000000000000122e-01
9.899999999999999911e-01 2.800000000000000266e-01
1.070000000000000062e+00 4.400000000000000022e-01
1.129999999999999893e+00 5.999999999999999778e-01
1.179999999999999938e+00 7.399999999999999911e-01
1.239999999999999991e+00 8.399999999999999689e-01
1.330000000000000071e+00 9.899999999999999911e-01
1.419999999999999929e+00 1.139999999999999902e+00
1.479999999999999982e+00 1.260000000000000009e+00
1.530000000000000027e+00 1.389999999999999902e+00
1.600000000000000089e+00 1.500000000000000000e+00
1.689999999999999947e+00 1.659999999999999920e+00
1.770000000000000018e+00 1.810000000000000053e+00
1.840000000000000080e+00 1.929999999999999938e+00
1.899999999999999911e+00 2.089999999999999858e+00
2.000000000000000000e+00 2.209999999999999964e+00
2.089999999999999858e+00 2.339999999999999858e+00
