# x y 
1.100000000000000089e+00 5.999999999999999778e-02
1.199999999999999956e+00 2.200000000000000011e-01
1.280000000000000027e+00 3.400000000000000244e-01
1.320000000000000062e+00 5.200000000000000178e-01
1.389999999999999902e+00 6.400000000000000133e-01
1.459999999999999964e+00 7.800000000000000266e-01
1.500000000000000000e+00 8.900000000000000133e-01
1.639999999999999902e+00 1.040000000000000036e+00
1.699999999999999956e+00 1.169999999999999929e+00
1.739999999999999991e+00 1.290000000000000036e+00
1.810000000000000053e+00 1.459999999999999964e+00
1.879999999999999893e+00 1.560000000000000053e+00
1.969999999999999973e+00 1.719999999999999973e+00
2.060000000000000053e+00 1.840000000000000080e+00
2.129999999999999893e+00 1.989999999999999991e+00
2.200000000000000178e+00 2.120000000000000107e+00
2.290000000000000036e+00 2.250000000000000000e+00
2.370000000000000107e+00 2.379999999999999893e+00
