# x y 
2.099999999999999922e-01 2.080000000000000071e+00
3.900000000000000133e-01 1.969999999999999973e+00
5.200000000000000178e-01 1.860000000000000098e+00
6.800000000000000488e-01 1.790000000000000036e+00
8.399999999999999689e-01 1.679999999999999938e+00
9.899999999999999911e-01 1.580000000000000071e+00
1.139999999999999902e+00 1.489999999999999991e+00
1.290000000000000036e+00 1.350000000000000089e+00
1.469999999999999973e+00 1.250000000000000000e+00
1.649999999999999911e+00 1.149999999999999911e+00
1.810000000000000053e+00 1.060000000000000053e+00
1.959999999999999964e+00 9.399999999999999467e-01
2.100000000000000089e+00 8.499999999999999778e-01
2.270000000000000018e+00 7.600000000000000089e-01
2.419999999999999929e+00 6.600000000000000311e-01
