# x y 
1.799999999999999933e-01 2.330000000000000071e+00
3.300000000000000155e-01 2.209999999999999964e+00
4.699999999999999734e-01 2.109999999999999876e+00
6.300000000000000044e-01 2.020000000000000018e+00
8.199999999999999512e-01 1.929999999999999938e+00
9.699999999999999734e-01 1.810000000000000053e+00
1.139999999999999902e+00 1.709999999999999964e+00
1.280000000000000027e+00 1.620000000000000107e+00
1.419999999999999929e+00 1.520000000000000018e+00
1.590000000000000080e+00 1.379999999999999893e+00
1.750000000000000000e+00 1.290000000000000036e+00
1.919999999999999929e+00 1.189999999999999947e+00
2.100000000000000089e+00 1.100000000000000089e+00
2.240000000000000000e+00 0.980000000000000089e+00
2.359999999999999876e+00 8.699999999999999956e-01
