# Zeiteinheit (alle 240s) Anzahl 
1.000000000000000000e+00 1.959000000000000000e+03
2.000000000000000000e+00 1.816000000000000000e+03
3.000000000000000000e+00 1.732000000000000000e+03
4.000000000000000000e+00 1.710000000000000000e+03
5.000000000000000000e+00 1.622000000000000000e+03
6.000000000000000000e+00 1.506000000000000000e+03
7.000000000000000000e+00 1.536000000000000000e+03
8.000000000000000000e+00 1.364000000000000000e+03
9.000000000000000000e+00 1.406000000000000000e+03
1.000000000000000000e+01 1.278000000000000000e+03
1.100000000000000000e+01 1.270000000000000000e+03
1.200000000000000000e+01 1.186000000000000000e+03
1.300000000000000000e+01 1.107000000000000000e+03
1.400000000000000000e+01 1.071000000000000000e+03
1.500000000000000000e+01 9.930000000000000000e+02
