# I_q in A B in mT 
5.000000000000000000e+00 -1.060000000000000000e+03
4.500000000000000000e+00 -1.002000000000000000e+03
4.000000000000000000e+00 -9.188999999999999773e+02
3.500000000000000000e+00 -8.311000000000000227e+02
3.000000000000000000e+00 -7.296000000000000227e+02
2.500000000000000000e+00 -6.247999999999999545e+02
2.000000000000000000e+00 -5.176000000000000227e+02
1.500000000000000000e+00 -3.923999999999999773e+02
1.000000000000000000e+00 -2.698000000000000114e+02
5.000000000000000000e-01 -1.444000000000000057e+02
0.000000000000000000e+00 -2.821999999999999886e+01
