# I_q in A U in mT 
0.000000000000000000e+00 -5.599999999999999645e+00
5.000000000000000000e-01 -6.900000000000000000e+01
1.000000000000000000e+00 -2.089000000000000057e+02
1.500000000000000000e+00 -3.301000000000000227e+02
2.000000000000000000e+00 -4.535000000000000000e+02
2.500000000000000000e+00 -5.732000000000000455e+02
3.000000000000000000e+00 -6.712000000000000455e+02
3.500000000000000000e+00 -7.848999999999999773e+02
4.000000000000000000e+00 -8.870000000000000000e+02
4.500000000000000000e+00 -9.770000000000000000e+02
5.000000000000000000e+00 -1.060000000000000000e+03
