# U_ges- in mV U_ges+ in mV 
-3.390000000000000235e-01 -3.390000000000000235e-01
-4.259999999999999898e-01 -4.289999999999999925e-01
-5.170000000000000151e-01 -5.200000000000000178e-01
-6.029999999999999805e-01 -6.099999999999999867e-01
-6.919999999999999485e-01 -6.989999999999999547e-01
-7.770000000000000240e-01 -7.950000000000000400e-01
-8.699999999999999956e-01 -8.850000000000000089e-01
-9.589999999999999636e-01 -9.749999999999999778e-01
-1.044999999999999929e+00 -1.064000000000000057e+00
-1.127999999999999892e+00 -1.151000000000000023e+00
-1.219999999999999973e+00 -1.260999999999999899e+00
