# U_ges- in mV U_ges+ in mV 
-3.360000000000000209e-01 -3.380000000000000226e-01
-3.380000000000000226e-01 -3.370000000000000218e-01
-3.400000000000000244e-01 -3.360000000000000209e-01
-3.410000000000000253e-01 -3.350000000000000200e-01
-3.430000000000000271e-01 -3.350000000000000200e-01
-3.449999999999999734e-01 -3.340000000000000191e-01
-3.459999999999999742e-01 -3.330000000000000182e-01
-3.479999999999999760e-01 -3.320000000000000173e-01
-3.499999999999999778e-01 -3.310000000000000164e-01
-3.509999999999999787e-01 -3.310000000000000164e-01
-3.529999999999999805e-01 -3.300000000000000155e-01
