# I in A U in mV
0.000000000000000000e+00 0.000000000000000000e+00
8.000000000000000444e-01 6.599999999999999645e+00
1.600000000000000089e+00 1.250000000000000000e+01
2.399999999999999911e+00 1.860000000000000142e+01
3.200000000000000178e+00 2.469999999999999929e+01
4.000000000000000000e+00 3.080000000000000071e+01
4.799999999999999822e+00 3.700000000000000000e+01
5.599999999999999645e+00 4.329999999999999716e+01
6.400000000000000355e+00 4.960000000000000142e+01
7.200000000000000178e+00 5.560000000000000142e+01
8.000000000000000000e+00 6.339999999999999858e+01
