# Gang Frequenz Fehler
1.796800000000000000e+04 1.796800000000000175e+00
1.796100000000000000e+04 1.796100000000000030e+00
1.796000000000000000e+04 1.796000000000000041e+00
1.796200000000000000e+04 1.796200000000000019e+00
1.796300000000000000e+04 1.796300000000000008e+00
1.796800000000000000e+04 1.796800000000000175e+00
1.796200000000000000e+04 1.796200000000000019e+00
1.796200000000000000e+04 1.796200000000000019e+00
1.796200000000000000e+04 1.796200000000000019e+00
1.796400000000000000e+04 1.796399999999999997e+00
1.796300000000000000e+04 1.796300000000000008e+00
