# spannung in Volt  Strom in nA 
1.896999999999999886e+01 2.100000000000000089e+00
1.801999999999999957e+01 2.000000000000000000e+00
1.700000000000000000e+01 2.000000000000000000e+00
1.601000000000000156e+01 2.100000000000000089e+00
1.500999999999999979e+01 2.000000000000000000e+00
1.402999999999999936e+01 2.000000000000000000e+00
1.300000000000000000e+01 2.000000000000000000e+00
1.207000000000000028e+01 2.000000000000000000e+00
1.102999999999999936e+01 1.699999999999999956e+00
1.007000000000000028e+01 1.699999999999999956e+00
9.019999999999999574e+00 1.600000000000000089e+00
8.009999999999999787e+00 1.600000000000000089e+00
7.000000000000000000e+00 1.500000000000000000e+00
6.009999999999999787e+00 1.600000000000000089e+00
5.040000000000000036e+00 1.500000000000000000e+00
4.000000000000000000e+00 1.399999999999999911e+00
3.069999999999999840e+00 1.000000000000000000e+00
2.040000000000000036e+00 9.000000000000000222e-01
1.010000000000000009e+00 5.999999999999999778e-01
2.000000000000000042e-02 1.000000000000000056e-01
-1.000000000000000021e-03 1.400000000000000133e-01
-2.000000000000000042e-02 1.199999999999999956e-01
-4.100000000000000172e-02 1.000000000000000056e-01
-5.999999999999999778e-02 1.000000000000000056e-01
-8.000000000000000167e-02 8.000000000000000167e-02
-1.000000000000000056e-01 7.000000000000000666e-02
-1.199999999999999956e-01 5.999999999999999778e-02
-1.400000000000000133e-01 5.000000000000000278e-02
-1.600000000000000033e-01 4.000000000000000083e-02
-1.809999999999999942e-01 2.999999999999999889e-02
-2.000000000000000111e-01 2.800000000000000058e-02
-2.200000000000000011e-01 2.000000000000000042e-02
-2.399999999999999911e-01 1.799999999999999864e-02
-2.600000000000000089e-01 1.400000000000000029e-02
-2.800000000000000266e-01 1.000000000000000021e-02
-2.999999999999999889e-01 8.000000000000000167e-03
-3.200000000000000067e-01 6.000000000000000125e-03
-3.400000000000000244e-01 0.000000000000000000e+00
