# px 
2.340000000000000000e+02
4.700000000000000000e+02
6.930000000000000000e+02
8.650000000000000000e+02
1.029000000000000000e+03
1.207000000000000000e+03
1.360000000000000000e+03
1.511000000000000000e+03
1.653000000000000000e+03
1.775000000000000000e+03
1.900000000000000000e+03
2.017000000000000000e+03
2.145000000000000000e+03
2.254000000000000000e+03
2.376000000000000000e+03
2.471000000000000000e+03
2.579000000000000000e+03
2.676000000000000000e+03
2.782000000000000000e+03
2.877000000000000000e+03
2.980000000000000000e+03
3.069000000000000000e+03
3.166000000000000000e+03
3.255000000000000000e+03
