# px 
1.408000000000000000e+03
1.539000000000000000e+03
1.641000000000000000e+03
1.759000000000000000e+03
1.859000000000000000e+03
1.967000000000000000e+03
2.051000000000000000e+03
2.154000000000000000e+03
2.235000000000000000e+03
2.320000000000000000e+03
2.402000000000000000e+03
2.487000000000000000e+03
2.555000000000000000e+03
2.641000000000000000e+03
2.702000000000000000e+03
2.788000000000000000e+03
2.843000000000000000e+03
2.930000000000000000e+03
2.985000000000000000e+03
3.052000000000000000e+03
