# px 
1.158000000000000000e+03
1.275000000000000000e+03
1.430000000000000000e+03
1.533000000000000000e+03
1.670000000000000000e+03
1.756000000000000000e+03
1.881000000000000000e+03
1.959000000000000000e+03
2.073000000000000000e+03
2.154000000000000000e+03
2.249000000000000000e+03
2.329000000000000000e+03
2.415000000000000000e+03
2.482000000000000000e+03
2.582000000000000000e+03
2.630000000000000000e+03
2.724000000000000000e+03
2.783000000000000000e+03
2.863000000000000000e+03
2.925000000000000000e+03
