# Abstand(cm zur Innenkante!!) 5 * T (s)
3.024999999999999911e+00 1.266000000000000014e+01
3.024999999999999911e+00 1.256000000000000050e+01
3.024999999999999911e+00 1.252999999999999936e+01
7.080000000000000071e+00 1.625000000000000000e+01
7.080000000000000071e+00 1.619000000000000128e+01
7.080000000000000071e+00 1.605999999999999872e+01
9.109999999999999432e+00 1.830999999999999872e+01
9.111000000000000654e+00 1.819000000000000128e+01
9.109999999999999432e+00 1.821999999999999886e+01
1.109999999999999964e+01 2.037000000000000099e+01
1.109999999999999964e+01 2.042999999999999972e+01
1.109999999999999964e+01 2.044000000000000128e+01
1.302999999999999936e+01 2.271999999999999886e+01
1.302999999999999936e+01 2.285000000000000142e+01
1.302999999999999936e+01 2.283999999999999986e+01
1.502500000000000036e+01 2.512000000000000099e+01
1.502500000000000036e+01 2.571999999999999886e+01
1.502500000000000036e+01 2.544000000000000128e+01
1.707999999999999829e+01 2.808999999999999986e+01
1.707999999999999829e+01 2.787999999999999901e+01
1.707999999999999829e+01 2.739999999999999858e+01
1.907499999999999929e+01 3.028000000000000114e+01
1.907499999999999929e+01 3.033999999999999986e+01
1.907499999999999929e+01 3.012000000000000099e+01
2.105000000000000071e+01 3.285000000000000142e+01
2.105000000000000071e+01 3.303000000000000114e+01
2.105000000000000071e+01 3.296999999999999886e+01
2.303500000000000014e+01 3.534000000000000341e+01
2.303500000000000014e+01 3.531000000000000227e+01
2.303500000000000014e+01 3.538000000000000256e+01
