# Abstand (\si{\meter}) Winkel (Grad) Kraft (\si{\newton}) 
1.010000000000000064e-01 3.000000000000000000e+01 1.400000000000000133e-01
1.010000000000000064e-01 6.000000000000000000e+01 2.399999999999999911e-01
1.010000000000000064e-01 9.000000000000000000e+01 3.200000000000000067e-01
1.010000000000000064e-01 1.200000000000000000e+02 4.600000000000000200e-01
1.581500000000000128e-01 3.000000000000000000e+01 5.999999999999999778e-02
1.581500000000000128e-01 6.000000000000000000e+01 1.199999999999999956e-01
1.581500000000000128e-01 9.000000000000000000e+01 2.200000000000000011e-01
1.581500000000000128e-01 1.200000000000000000e+02 2.999999999999999889e-01
2.411000000000000087e-01 3.000000000000000000e+01 2.000000000000000042e-02
2.411000000000000087e-01 6.000000000000000000e+01 8.000000000000000167e-02
2.411000000000000087e-01 9.000000000000000000e+01 1.199999999999999956e-01
2.411000000000000087e-01 1.200000000000000000e+02 2.000000000000000111e-01
