# Frequenz in Hz U_br in Volt  U_s in Volt 
2.000000000000000000e+01 2.439999999999999947e+00 3.000000000000000000e+00
4.000000000000000000e+01 2.060000000000000053e+00 3.000000000000000000e+00
6.000000000000000000e+01 1.639999999999999902e+00 3.000000000000000000e+00
8.000000000000000000e+01 1.239999999999999991e+00 3.000000000000000000e+00
1.000000000000000000e+02 8.719999999999999973e-01 2.899999999999999911e+00
1.100000000000000000e+02 6.119999999999999885e-01 2.899999999999999911e+00
1.200000000000000000e+02 4.680000000000000271e-01 2.899999999999999911e+00
1.300000000000000000e+02 3.099999999999999978e-01 2.899999999999999911e+00
1.400000000000000000e+02 1.920000000000000040e-01 2.899999999999999911e+00
1.500000000000000000e+02 5.999999999999999778e-02 2.899999999999999911e+00
1.600000000000000000e+02 3.899999999999999994e-02 2.899999999999999911e+00
1.700000000000000000e+02 1.519999999999999962e-01 3.200000000000000178e+00
1.800000000000000000e+02 2.600000000000000089e-01 3.200000000000000178e+00
1.900000000000000000e+02 3.479999999999999760e-01 3.200000000000000178e+00
2.000000000000000000e+02 4.560000000000000164e-01 3.200000000000000178e+00
2.200000000000000000e+02 6.159999999999999920e-01 3.200000000000000178e+00
2.400000000000000000e+02 7.920000000000000373e-01 3.200000000000000178e+00
2.600000000000000000e+02 9.519999999999999574e-01 3.200000000000000178e+00
2.800000000000000000e+02 1.080000000000000071e+00 3.200000000000000178e+00
3.000000000000000000e+02 1.199999999999999956e+00 3.200000000000000178e+00
4.000000000000000000e+02 1.600000000000000089e+00 3.299999999999999822e+00
5.000000000000000000e+02 1.760000000000000009e+00 3.000000000000000000e+00
6.000000000000000000e+02 1.919999999999999929e+00 3.000000000000000000e+00
7.000000000000000000e+02 2.100000000000000089e+00 3.100000000000000089e+00
8.000000000000000000e+02 2.220000000000000195e+00 3.100000000000000089e+00
9.000000000000000000e+02 2.259999999999999787e+00 3.000000000000000000e+00
1.000000000000000000e+03 2.319999999999999840e+00 3.100000000000000089e+00
2.000000000000000000e+03 2.379999999999999893e+00 2.899999999999999911e+00
3.000000000000000000e+03 2.419999999999999929e+00 2.899999999999999911e+00
4.000000000000000000e+03 2.419999999999999929e+00 2.899999999999999911e+00
6.000000000000000000e+03 2.419999999999999929e+00 2.899999999999999911e+00
8.000000000000000000e+03 2.419999999999999929e+00 2.899999999999999911e+00
1.000000000000000000e+04 2.419999999999999929e+00 2.899999999999999911e+00
2.000000000000000000e+04 2.339999999999999858e+00 2.899999999999999911e+00
3.000000000000000000e+04 2.259999999999999787e+00 2.899999999999999911e+00
