# Frequenz in Hz Abstand a in micro second Abstand b in ms 
1.100000000000000000e+01 1.280000000000000000e+03 9.100000000000000000e+01
2.500000000000000000e+01 1.280000000000000000e+03 3.982999999999999829e+01
5.000000000000000000e+01 1.380000000000000000e+03 1.998000000000000043e+01
7.500000000000000000e+01 1.240000000000000000e+03 1.328999999999999915e+01
1.000000000000000000e+02 1.160000000000000000e+03 9.990000000000000213e+00
2.000000000000000000e+02 8.800000000000000000e+02 4.980000000000000426e+00
4.010000000000000000e+02 5.040000000000000000e+02 2.479999999999999982e+00
6.000000000000000000e+02 3.800000000000000000e+02 1.669999999999999929e+00
8.000000000000000000e+02 3.040000000000000000e+02 1.250000000000000000e+00
1.000000000000000000e+03 2.440000000000000000e+02 9.989999999999999991e-01
1.200000000000000000e+03 2.080000000000000000e+02 8.329999999999999627e-01
1.400000000000000000e+03 1.900000000000000000e+02 7.129999999999999671e-01
1.600000000000000000e+03 1.680000000000000000e+02 6.239999999999999991e-01
1.800000000000000000e+03 1.500000000000000000e+02 5.550000000000000488e-01
2.000000000000000000e+03 1.400000000000000000e+02 4.989999999999999991e-01
2.500000000000000000e+03 1.140000000000000000e+02 3.990000000000000213e-01
3.000000000000000000e+03 1.110000000000000000e+02 3.320000000000000173e-01
3.500000000000000000e+03 9.700000000000000000e+01 2.849999999999999756e-01
4.000000000000000000e+03 8.800000000000000000e+01 2.489999999999999991e-01

