# f in hz uc in V ug in V 
1.100000000000000000e+01 2.058999999999999986e+01 2.058999999999999986e+01
2.500000000000000000e+01 1.980000000000000071e+01 2.058999999999999986e+01
5.000000000000000000e+01 1.841000000000000014e+01 2.058999999999999986e+01
7.500000000000000000e+01 1.682999999999999829e+01 2.058999999999999986e+01
1.000000000000000000e+02 1.473000000000000043e+01 2.058999999999999986e+01
2.000000000000000000e+02 9.900000000000000355e+00 2.078999999999999915e+01
4.010000000000000000e+02 5.620000000000000107e+00 2.058999999999999986e+01
6.000000000000000000e+02 3.879999999999999893e+00 2.058999999999999986e+01
8.000000000000000000e+02 2.750000000000000000e+00 2.058999999999999986e+01
1.000000000000000000e+03 2.220000000000000195e+00 2.058999999999999986e+01
1.200000000000000000e+03 1.860000000000000098e+00 2.058999999999999986e+01
1.400000000000000000e+03 1.540000000000000036e+00 2.058999999999999986e+01
1.600000000000000000e+03 1.429999999999999938e+00 2.058999999999999986e+01
1.800000000000000000e+03 1.270000000000000018e+00 2.058999999999999986e+01
2.000000000000000000e+03 1.149999999999999911e+00 2.058999999999999986e+01
2.500000000000000000e+03 9.499999999999999556e-01 2.058999999999999986e+01
3.000000000000000000e+03 7.920000000000000373e-01 2.058999999999999986e+01
3.500000000000000000e+03 6.490000000000000213e-01 2.058999999999999986e+01
4.000000000000000000e+03 5.699999999999999512e-01 2.058999999999999986e+01
